statecounty,margin,coolidge,davis,other,lafollette
01001,66.56%, 15.30%, 81.87%, 0.52%, 2.31%
01003,23.96%, 27.76%, 51.72%, 0.71%, 19.82%
01005,86.26%, 5.33%, 91.59%, 0.34%, 2.73%
01007,45.41%, 18.27%, 63.68%, 0.58%, 17.47%
01009,15.23%, 40.92%, 56.15%, 0.16%, 2.78%
01011,97.80%,-, 98.83%, 1.17%,-
01013,74.21%, 7.54%, 83.33%,-, 9.13%
01015,40.48%, 27.17%, 67.65%, 0.60%, 4.58%
01017,84.09%, 6.91%, 91.00%, 0.05%, 2.04%
01019,23.51%, 37.13%, 60.63%, 2.24%,-
01021,29.60%, 63.19%, 33.60%, 0.24%, 2.97%
01023,95.98%,-, 97.80%, 2.20%,-
01025,85.16%, 6.77%, 91.93%, 1.30%,-
01027,21.75%, 38.13%, 59.88%, 1.99%,-
01029,5.44%, 51.18%, 45.74%, 0.29%, 2.79%
01031,65.50%, 16.61%, 82.11%, 1.29%,-
01033,40.69%, 25.29%, 65.98%, 0.44%, 8.30%
01035,79.61%, 8.49%, 88.10%, 0.55%, 2.86%
01037,21.46%, 38.66%, 60.12%, 1.22%,-
01039,78.34%, 7.54%, 85.88%, 0.19%, 6.38%
01041,79.65%, 9.41%, 89.06%, 1.53%,-
01043,4.68%, 45.11%, 49.79%, 0.14%, 4.95%
01045,56.90%, 20.61%, 77.52%, 1.87%,-
01047,85.87%, 2.36%, 91.76%,-, 5.89%
01049,6.70%, 53.35%, 46.65%,-,-
01051,65.19%, 16.43%, 81.62%, 1.95%,-
01053,75.00%, 10.70%, 85.70%, 0.35%, 3.24%
01055,28.24%, 33.17%, 61.41%, 0.60%, 4.82%
01057,16.09%, 41.26%, 57.35%, 1.39%,-
01059,92.53%,-, 95.66%, 1.20%, 3.13%
01061,41.68%, 27.85%, 69.53%, 0.35%, 2.28%
01063,97.11%,-, 98.31%, 1.69%,-
01065,94.12%, 2.60%, 96.72%, 0.68%,-
01067,61.55%, 17.29%, 78.84%, 0.29%, 3.57%
01069,72.14%, 11.72%, 83.87%, 0.39%, 4.02%
01071,35.68%, 30.42%, 66.11%, 0.52%, 2.96%
01073,39.76%, 23.88%, 63.64%, 0.68%, 11.81%
01075,60.26%, 19.14%, 79.40%, 1.46%,-
01077,45.41%, 25.90%, 71.30%, 0.28%, 2.52%
01079,35.46%, 31.79%, 67.26%, 0.95%,-
01081,78.39%, 6.52%, 85.77%, 0.33%, 7.38%
01083,78.95%, 8.40%, 87.35%, 1.11%, 3.15%
01085,92.68%,-, 95.86%, 0.96%, 3.18%
01087,83.19%, 8.15%, 91.34%, 0.51%,-
01089,69.53%, 14.23%, 83.76%, 2.01%,-
01091,97.07%,-, 98.42%, 1.58%,-
01093,98.18%,-, 99.05%, 0.95%,-
01095,20.55%, 38.75%, 59.31%, 1.94%,-
01097,36.37%, 28.54%, 64.91%, 0.57%, 5.98%
01099,94.26%,-, 96.09%, 3.91%,-
01101,80.27%, 4.62%, 87.70%, 0.24%, 7.44%
01103,55.05%, 16.53%, 71.58%, 0.67%, 11.21%
01105,93.58%, 2.59%, 96.17%, 1.24%,-
01107,76.40%, 11.05%, 87.45%, 1.51%,-
01109,95.75%,-, 97.34%, 2.66%,-
01111,31.88%, 33.43%, 65.32%, 1.25%,-
01113,85.36%, 2.70%, 91.33%,-, 5.97%
01115,5.34%, 50.64%, 45.30%, 0.18%, 3.89%
01117,3.37%, 45.81%, 49.18%, 0.16%, 4.86%
01119,91.52%, 3.17%, 94.68%,-, 2.15%
01121,45.69%, 26.04%, 71.72%, 2.24%,-
01123,99.42%,-, 99.59%, 0.41%,-
01125,76.83%, 8.97%, 85.80%, 0.58%, 4.65%
01127,14.74%, 39.85%, 54.59%, 0.15%, 5.41%
01129,81.86%, 8.11%, 89.97%, 1.92%,-
01131,96.25%,-, 97.81%, 2.19%,-
01133,24.83%, 61.02%, 36.19%, 0.28%, 2.51%
02013,0%,-,-,-,-
02016,0%,-,-,-,-
02020,0%,-,-,-,-
02050,0%,-,-,-,-
02060,0%,-,-,-,-
02068,0%,-,-,-,-
02070,0%,-,-,-,-
02090,0%,-,-,-,-
02100,0%,-,-,-,-
02105,0%,-,-,-,-
02110,0%,-,-,-,-
02122,0%,-,-,-,-
02130,0%,-,-,-,-
02150,0%,-,-,-,-
02164,0%,-,-,-,-
02170,0%,-,-,-,-
02180,0%,-,-,-,-
02185,0%,-,-,-,-
02188,0%,-,-,-,-
02195,0%,-,-,-,-
02198,0%,-,-,-,-
02220,0%,-,-,-,-
02230,0%,-,-,-,-
02240,0%,-,-,-,-
02261,0%,-,-,-,-
02270,0%,-,-,-,-
02275,0%,-,-,-,-
02282,0%,-,-,-,-
02290,0%,-,-,-,-
04001,5.63%, 48.51%, 42.88%,-, 8.61%
04003,2.23%, 38.27%, 36.04%,-, 25.68%
04005,14.42%, 45.10%, 30.69%,-, 24.21%
04007,0.39%, 34.55%, 34.94%,-, 30.51%
04009,17.91%, 33.17%, 51.08%,-, 15.75%
04011,27.00%, 29.97%, 56.97%,-, 13.06%
04012,0%,-,-,-,-
04013,6.04%, 44.66%, 38.63%,-, 16.71%
04015,0.46%, 38.00%, 24.46%,-, 37.54%
04017,13.48%, 42.90%, 27.68%,-, 29.42%
04019,11.44%, 42.17%, 30.74%,-, 27.09%
04021,3.31%, 40.86%, 37.55%,-, 21.59%
04023,6.48%, 39.93%, 46.41%,-, 13.66%
04025,10.22%, 41.80%, 26.62%,-, 31.58%
04027,11.25%, 41.75%, 27.76%,-, 30.50%
05001,21.04%, 36.15%, 57.19%,-, 6.67%
05003,32.87%, 30.69%, 63.55%,-, 5.76%
05005,30.73%, 27.29%, 58.02%,-, 14.69%
05007,13.54%, 37.04%, 50.58%,-, 12.38%
05009,16.53%, 37.49%, 54.02%,-, 8.48%
05011,35.31%, 29.13%, 64.44%,-, 6.43%
05013,54.09%, 20.13%, 74.23%,-, 5.64%
05015,17.91%, 38.39%, 56.30%,-, 5.31%
05017,36.48%, 30.95%, 67.43%, 1.62%,-
05019,38.74%, 25.29%, 64.03%,-, 10.68%
05021,12.68%, 39.85%, 52.54%,-, 7.61%
05023,36.78%, 26.44%, 63.22%,-, 10.33%
05025,53.67%, 21.27%, 74.94%,-, 3.79%
05027,57.49%, 19.50%, 76.99%,-, 3.51%
05029,24.55%, 33.72%, 58.27%,-, 8.01%
05031,32.18%, 29.06%, 61.24%,-, 9.70%
05033,15.43%, 34.23%, 49.66%,-, 16.12%
05035,80.09%, 8.81%, 88.90%,-, 2.29%
05037,47.53%, 21.08%, 68.61%,-, 10.32%
05039,44.38%, 26.68%, 71.06%,-, 2.26%
05041,32.89%, 21.55%, 55.67%,-, 22.78%
05043,28.38%, 35.12%, 63.51%, 1.37%,-
05045,42.21%, 25.14%, 67.35%,-, 7.50%
05047,41.84%, 23.05%, 64.88%,-, 12.07%
05049,38.33%, 29.00%, 67.33%,-, 3.67%
05051,15.40%, 37.50%, 52.91%,-, 9.59%
05053,57.69%, 15.50%, 73.19%,-, 11.31%
05055,35.76%, 23.57%, 59.33%,-, 17.11%
05057,31.61%, 30.37%, 61.98%,-, 7.65%
05059,29.93%, 29.25%, 59.18%,-, 11.57%
05061,42.13%, 23.12%, 65.25%,-, 11.63%
05063,38.15%, 26.15%, 64.30%,-, 9.55%
05065,48.70%, 24.10%, 72.80%,-, 3.10%
05067,43.93%, 25.44%, 69.37%,-, 5.19%
05069,39.19%, 22.29%, 61.48%,-, 16.24%
05071,45.67%, 19.78%, 65.46%,-, 14.76%
05073,40.33%, 24.53%, 64.86%,-, 10.62%
05075,38.01%, 23.18%, 61.19%,-, 15.63%
05077,29.77%, 35.00%, 64.77%, 0.23%,-
05079,53.25%, 23.04%, 76.29%, 0.68%,-
05081,31.11%, 31.80%, 62.90%,-, 5.30%
05083,17.79%, 32.06%, 49.85%,-, 18.10%
05085,47.66%, 23.87%, 71.52%,-, 4.61%
05087,2.67%, 46.85%, 49.52%,-, 3.64%
05089,41.51%, 21.56%, 63.07%,-, 15.37%
05091,44.41%, 17.28%, 63.56%,-, 19.16%
05093,47.24%, 24.86%, 72.10%,-, 3.04%
05095,40.03%, 26.00%, 66.04%,-, 7.96%
05097,8.05%, 40.82%, 48.87%,-, 10.32%
05099,25.79%, 29.90%, 55.69%,-, 14.41%
05101,29.66%, 61.23%, 31.57%,-, 7.20%
05103,15.83%, 41.18%, 57.01%, 1.82%,-
05105,15.95%, 32.91%, 48.86%,-, 18.23%
05107,57.62%, 19.65%, 77.27%,-, 3.07%
05109,29.90%, 31.93%, 61.82%,-, 6.25%
05111,45.79%, 22.81%, 68.60%,-, 8.59%
05113,22.65%, 31.49%, 54.14%,-, 14.37%
05115,48.85%, 21.23%, 70.08%,-, 8.69%
05117,29.13%, 32.68%, 61.81%,-, 5.50%
05119,30.94%, 28.36%, 59.30%,-, 12.34%
05121,31.71%, 32.20%, 63.91%,-, 3.89%
05123,36.74%, 29.52%, 66.26%,-, 4.23%
05125,59.34%, 13.65%, 72.99%,-, 13.36%
05127,20.57%, 33.24%, 53.81%,-, 12.94%
05129,28.92%, 60.33%, 31.42%,-, 8.25%
05131,19.41%, 33.13%, 52.54%,-, 14.34%
05133,44.35%, 18.28%, 63.03%,-, 18.69%
05135,52.16%, 21.11%, 73.27%,-, 5.63%
05137,27.08%, 32.31%, 59.38%,-, 8.31%
05139,56.75%, 16.84%, 73.59%,-, 9.58%
05141,33.73%, 30.12%, 63.85%,-, 6.02%
05143,19.96%, 35.90%, 55.87%,-, 8.23%
05145,32.99%, 27.69%, 60.69%,-, 11.62%
05147,48.52%, 24.26%, 72.78%,-, 2.96%
05149,56.19%, 19.15%, 75.34%,-, 5.50%
06001,30.21%, 61.48%, 6.05%, 1.19%, 31.27%
06003,79.66%, 88.14%, 8.47%, 3.39%,-
06005,3.68%, 38.93%, 17.11%, 1.35%, 42.61%
06007,1.93%, 42.25%, 12.52%, 1.05%, 44.18%
06009,4.66%, 39.44%, 15.06%, 1.40%, 44.10%
06011,9.26%, 43.84%, 19.25%,-, 34.58%
06013,17.08%, 54.67%, 6.72%, 1.01%, 37.60%
06015,20.66%, 52.63%, 12.12%,-, 31.98%
06017,29.99%, 28.49%, 12.07%, 0.97%, 58.48%
06019,2.25%, 44.01%, 12.98%, 1.26%, 41.76%
06021,3.54%, 44.84%, 11.40%,-, 41.30%
06023,21.99%, 56.82%, 7.09%, 1.26%, 34.83%
06025,13.18%, 50.28%, 11.04%, 1.59%, 37.09%
06027,8.55%, 47.52%, 12.81%, 0.70%, 38.97%
06029,10.08%, 46.08%, 16.84%, 1.09%, 36.00%
06031,21.35%, 50.00%, 19.72%, 1.64%, 28.65%
06033,7.74%, 44.94%, 14.75%,-, 37.20%
06035,3.50%, 40.78%, 13.54%, 1.41%, 44.28%
06037,39.88%, 65.51%, 7.33%, 1.53%, 25.63%
06039,0.11%, 42.66%, 12.65%,-, 42.55%
06041,14.35%, 53.52%, 6.07%, 1.24%, 39.17%
06043,1.40%, 40.23%, 19.65%, 1.29%, 38.83%
06045,26.32%, 56.46%, 12.04%, 1.35%, 30.15%
06047,18.85%, 52.94%, 10.52%,-, 34.09%
06049,11.00%, 43.72%, 22.37%, 1.20%, 32.72%
06051,21.94%, 53.55%, 14.52%, 0.32%, 31.61%
06053,34.87%, 61.07%, 11.41%, 1.33%, 26.20%
06055,20.80%, 54.82%, 10.19%, 0.97%, 34.02%
06057,4.72%, 42.23%, 8.57%,-, 46.94%
06059,45.43%, 67.35%, 8.68%,-, 21.92%
06061,18.35%, 36.63%, 6.52%, 1.87%, 54.98%
06063,22.88%, 32.92%, 10.62%, 0.64%, 55.81%
06065,34.90%, 61.99%, 8.49%,-, 27.09%
06067,9.72%, 41.08%, 7.01%, 1.11%, 50.80%
06069,21.74%, 53.54%, 13.40%, 1.26%, 31.80%
06071,25.85%, 56.93%, 9.39%,-, 31.08%
06073,5.45%, 48.99%, 6.35%, 1.12%, 43.54%
06075,3.01%, 47.75%, 6.37%, 1.14%, 44.74%
06077,9.60%, 48.91%, 10.60%, 1.19%, 39.30%
06079,9.57%, 49.01%, 9.42%,-, 39.44%
06081,16.54%, 55.27%, 5.24%, 0.75%, 38.73%
06083,39.97%, 64.69%, 9.33%, 1.27%, 24.72%
06085,24.83%, 58.02%, 7.41%, 1.38%, 33.19%
06087,32.04%, 60.84%, 9.02%, 1.34%, 28.80%
06089,2.11%, 41.95%, 12.86%, 1.14%, 44.06%
06091,10.44%, 38.93%, 10.30%, 1.41%, 49.37%
06093,6.78%, 40.58%, 9.73%,-, 47.36%
06095,6.62%, 48.00%, 9.61%, 1.00%, 41.39%
06097,23.88%, 56.00%, 10.38%, 1.51%, 32.12%
06099,25.87%, 56.86%, 9.57%,-, 30.99%
06101,12.29%, 49.92%, 11.33%, 1.11%, 37.64%
06103,6.53%, 45.97%, 11.50%,-, 39.44%
06105,8.47%, 36.48%, 16.72%, 1.85%, 44.95%
06107,21.31%, 50.79%, 18.34%, 1.40%, 29.47%
06109,1.34%, 43.03%, 11.94%, 0.67%, 44.37%
06111,41.99%, 65.16%, 10.41%, 1.26%, 23.18%
06113,6.85%, 45.35%, 14.63%, 1.52%, 38.50%
06115,7.43%, 45.88%, 11.26%, 1.19%, 38.45%
08001,33.10%, 56.33%, 23.24%, 0.71%, 19.72%
08003,6.76%, 40.59%, 25.14%, 0.44%, 33.83%
08005,46.03%, 64.23%, 18.20%, 0.39%, 17.18%
08007,12.91%, 43.12%, 25.72%, 0.96%, 30.21%
08009,20.53%, 46.35%, 25.78%, 2.05%, 25.82%
08011,25.33%, 54.14%, 28.81%, 0.50%, 16.55%
08013,33.43%, 58.75%, 25.32%, 0.40%, 15.53%
08014,0%,-,-,-,-
08015,7.15%, 43.40%, 19.88%, 0.45%, 36.26%
08017,27.05%, 55.70%, 15.02%, 0.64%, 28.64%
08019,37.53%, 61.87%, 24.34%, 0.34%, 13.45%
08021,18.28%, 56.17%, 37.89%, 0.15%, 5.79%
08023,5.77%, 48.37%, 42.60%, 0.90%, 8.14%
08025,19.41%, 50.23%, 30.82%, 0.60%, 18.35%
08027,15.32%, 44.41%, 29.09%, 1.04%, 25.47%
08029,27.79%, 54.36%, 26.57%, 0.77%, 18.31%
08031,44.24%, 63.44%, 16.93%, 0.44%, 19.20%
08033,7.17%, 21.30%, 35.20%, 1.12%, 42.38%
08035,30.98%, 55.34%, 24.36%, 0.38%, 19.91%
08037,16.18%, 44.43%, 26.52%, 0.80%, 28.25%
08039,30.22%, 54.97%, 19.48%, 0.81%, 24.75%
08041,33.12%, 55.69%, 22.57%, 0.56%, 21.19%
08043,39.75%, 61.13%, 21.37%, 0.55%, 16.95%
08045,26.96%, 51.27%, 24.31%, 0.64%, 23.78%
08047,30.35%, 54.78%, 24.43%, 0.30%, 20.49%
08049,29.74%, 54.31%, 24.56%, 0.16%, 20.97%
08051,13.67%, 44.70%, 23.82%, 0.44%, 31.04%
08053,21.38%, 50.00%, 28.62%, 0.72%, 20.65%
08055,20.08%, 49.08%, 21.49%, 0.42%, 29.00%
08057,48.38%, 67.35%, 18.97%, 0.85%, 12.82%
08059,44.26%, 63.69%, 16.63%, 0.26%, 19.42%
08061,20.59%, 47.49%, 25.43%, 0.18%, 26.90%
08063,39.65%, 60.21%, 20.57%, 0.80%, 18.42%
08065,13.35%, 43.00%, 26.23%, 1.11%, 29.65%
08067,1.12%, 35.13%, 36.25%, 0.53%, 28.10%
08069,46.57%, 66.65%, 20.08%, 0.81%, 12.46%
08071,21.40%, 48.68%, 23.56%, 0.49%, 27.28%
08073,30.91%, 54.70%, 21.12%, 0.40%, 23.78%
08075,29.01%, 55.60%, 16.95%, 0.86%, 26.59%
08077,18.32%, 45.53%, 26.83%, 0.44%, 27.21%
08079,15.03%, 46.01%, 30.98%, 0.61%, 22.39%
08081,18.19%, 50.70%, 32.51%, 0.20%, 16.58%
08083,0.89%, 34.58%, 35.46%, 0.69%, 29.27%
08085,18.49%, 45.82%, 27.33%, 0.68%, 26.16%
08087,54.04%, 69.99%, 15.95%, 0.65%, 13.40%
08089,34.75%, 59.19%, 24.44%, 0.91%, 15.46%
08091,12.72%, 44.28%, 23.42%, 0.73%, 31.56%
08093,29.25%, 56.12%, 26.87%, 1.96%, 15.05%
08095,17.89%, 49.61%, 18.30%, 0.37%, 31.72%
08097,16.68%, 47.27%, 21.82%, 0.32%, 30.59%
08099,35.15%, 59.21%, 24.06%, 0.92%, 15.80%
08101,28.29%, 52.86%, 24.57%, 0.54%, 22.02%
08103,28.51%, 60.84%, 32.33%, 0.56%, 6.27%
08105,22.12%, 53.51%, 31.38%, 0.92%, 14.19%
08107,20.73%, 53.51%, 32.78%, 0.53%, 13.19%
08109,29.72%, 58.33%, 28.61%, 0.63%, 12.44%
08111,2.19%, 39.78%, 37.59%,-, 22.63%
08113,7.09%, 43.62%, 36.53%, 1.29%, 18.56%
08115,27.15%, 51.97%, 24.82%, 0.73%, 22.48%
08117,15.17%, 47.52%, 32.35%, 0.81%, 19.33%
08119,20.68%, 48.78%, 22.51%, 0.61%, 28.10%
08121,30.17%, 54.27%, 21.11%, 0.53%, 24.10%
08123,41.72%, 62.68%, 20.96%, 0.58%, 15.78%
08125,34.28%, 57.91%, 17.96%, 0.50%, 23.63%
09001,44.76%, 66.22%, 21.47%, 0.40%, 11.91%
09003,33.54%, 61.93%, 28.39%, 0.40%, 9.28%
09005,35.05%, 61.35%, 26.30%, 0.10%, 12.25%
09007,37.36%, 65.22%, 27.87%, 0.15%, 6.76%
09009,27.32%, 57.40%, 30.08%, 0.41%, 12.11%
09011,32.84%, 62.34%, 29.50%, 0.17%, 7.98%
09013,35.27%, 62.29%, 27.02%, 0.37%, 10.31%
09015,25.23%, 59.64%, 34.42%, 0.08%, 5.86%
10001,0.30%, 49.17%, 49.47%, 1.37%,-
10003,30.40%, 61.24%, 30.84%, 0.03%, 7.89%
10005,7.64%, 53.23%, 45.59%, 1.18%,-
11001,0%,-,-,-,-
12001,52.51%, 18.90%, 71.40%, 3.47%, 6.23%
12003,24.01%, 32.72%, 56.73%, 1.85%, 6.60%
12005,41.67%, 25.48%, 67.15%, 0.80%, 3.61%
12007,67.42%, 14.24%, 81.67%, 1.52%, 2.58%
12009,23.72%, 34.22%, 57.94%, 1.99%, 5.85%
12011,1.43%, 41.45%, 42.87%,-, 8.76%
12013,67.44%, 10.79%, 78.23%, 0.39%, 7.13%
12015,28.79%, 31.21%, 60.00%, 0.75%, 5.61%
12017,74.06%, 5.94%, 83.76%, 0.59%, 9.70%
12019,28.33%, 28.84%, 57.17%, 2.02%, 11.97%
12021,73.89%, 8.33%, 82.22%, 0.56%, 2.78%
12023,72.66%, 8.94%, 81.60%, 0.53%, 6.41%
12027,44.92%, 25.14%, 70.05%, 1.64%,-
12029,89.01%, 5.13%, 94.14%, 0.73%,-
12031,23.00%, 28.93%, 51.93%,-, 10.64%
12033,23.40%, 29.34%, 52.74%, 1.15%, 14.16%
12035,34.14%, 20.16%, 54.30%,-, 17.47%
12037,56.51%, 20.00%, 76.51%, 0.55%, 2.94%
12039,76.81%, 5.86%, 84.91%, 1.12%, 8.10%
12041,0%,-,-,-,-
12043,37.18%, 23.92%, 61.10%,-, 7.20%
12045,0%,-,-,-,-
12047,57.91%, 17.40%, 75.30%, 3.28%, 4.01%
12049,45.58%, 22.66%, 68.24%, 0.94%, 5.75%
12051,64.53%, 12.21%, 76.74%, 1.16%, 6.40%
12053,60.10%, 14.71%, 74.81%, 1.50%, 8.98%
12055,24.18%, 33.38%, 57.56%, 1.76%, 7.30%
12057,40.18%, 22.08%, 62.26%,-, 10.65%
12059,23.87%, 32.03%, 55.90%, 2.12%, 9.94%
12061,0%,-,-,-,-
12063,66.17%, 14.59%, 80.76%, 0.91%, 3.74%
12065,73.42%, 9.69%, 83.11%, 0.88%, 6.31%
12067,80.05%, 8.13%, 88.18%, 0.99%, 2.71%
12069,16.65%, 36.46%, 53.12%,-, 6.08%
12071,18.06%, 34.03%, 52.10%,-, 4.93%
12073,77.03%, 8.29%, 85.32%, 2.43%, 3.96%
12075,37.99%, 26.23%, 64.22%, 2.82%, 6.74%
12077,78.13%, 8.04%, 86.16%, 1.34%, 4.46%
12079,85.67%, 3.88%, 90.73%, 0.34%, 5.06%
12081,22.50%, 32.54%, 55.04%, 3.05%, 9.36%
12083,56.17%, 17.25%, 73.43%, 1.15%, 4.52%
12085,0%,-,-,-,-
12086,2.87%, 26.01%, 32.83%, 1.63%, 9.58%
12087,46.51%, 21.27%, 67.78%, 1.79%, 9.17%
12089,66.80%, 13.86%, 80.65%, 1.31%, 4.18%
12091,48.16%, 19.20%, 67.37%, 0.63%, 8.71%
12093,45.96%, 20.96%, 66.91%, 1.10%, 6.99%
12095,5.60%, 40.24%, 45.84%,-, 5.26%
12097,16.75%, 33.45%, 50.20%,-, 3.69%
12099,4.89%, 46.14%, 41.25%,-, 10.02%
12101,21.15%, 32.42%, 53.57%, 1.24%, 9.82%
12103,3.95%, 47.53%, 43.57%, 1.39%, 5.00%
12105,29.08%, 28.89%, 57.97%, 1.21%, 8.70%
12107,19.28%, 35.13%, 54.41%,-, 5.45%
12109,26.86%, 27.44%, 54.30%,-, 9.93%
12111,13.96%, 36.95%, 50.92%, 1.55%, 10.58%
12113,47.30%, 23.34%, 70.64%, 2.14%, 3.87%
12115,3.68%, 40.48%, 44.16%, 1.30%, 10.17%
12117,36.13%, 23.46%, 59.58%, 1.01%, 15.95%
12119,55.01%, 15.93%, 70.94%, 2.36%, 10.77%
12121,74.14%, 9.50%, 83.65%, 0.86%, 5.99%
12123,61.84%, 16.45%, 78.29%, 2.14%,-
12125,87.93%, 4.60%, 92.53%, 0.86%, 2.01%
12127,10.29%, 40.83%, 51.11%, 2.95%, 5.11%
12129,76.61%, 8.74%, 85.35%, 2.06%, 3.86%
12131,51.62%, 18.77%, 70.39%,-, 4.78%
12133,42.79%, 24.76%, 67.55%, 0.72%, 4.45%
13001,65.37%, 17.12%, 82.49%, 0.39%,-
13003,84.63%, 5.73%, 90.37%,-, 3.90%
13005,83.60%, 7.49%, 91.09%, 1.42%,-
13007,82.05%, 7.69%, 89.74%,-, 2.56%
13009,73.07%, 10.87%, 83.94%,-, 5.18%
13011,52.16%, 21.88%, 74.05%,-, 4.07%
13013,43.04%, 11.55%, 65.75%,-, 22.70%
13015,26.13%, 34.60%, 60.73%,-, 4.67%
13017,37.43%, 17.71%, 59.86%,-, 22.43%
13019,91.67%, 3.01%, 94.68%,-, 2.31%
13021,72.79%, 10.38%, 83.17%,-, 6.45%
13023,85.43%, 5.19%, 90.62%,-, 4.20%
13025,73.84%, 3.23%, 85.30%,-, 11.47%
13027,79.56%, 9.69%, 89.25%, 1.06%,-
13029,89.90%, 4.33%, 94.23%, 1.44%,-
13031,90.49%, 3.52%, 94.01%,-, 2.47%
13033,68.95%, 14.05%, 82.99%,-, 2.96%
13035,76.25%, 8.61%, 84.85%,-, 6.54%
13037,67.23%, 16.02%, 83.25%, 0.73%,-
13039,97.14%,-, 98.29%, 1.71%,-
13043,84.39%, 5.20%, 89.59%,-, 5.20%
13045,49.57%, 20.72%, 70.29%,-, 8.98%
13047,44.96%, 25.97%, 70.92%,-, 3.11%
13049,73.60%, 11.24%, 84.83%,-, 3.93%
13051,49.44%, 20.42%, 69.86%,-, 9.72%
13053,85.46%, 6.17%, 91.63%,-, 2.20%
13055,58.37%, 19.99%, 78.36%, 1.65%,-
13057,16.43%, 39.99%, 56.42%,-, 3.59%
13059,67.90%, 14.35%, 82.26%,-, 3.39%
13061,58.91%, 15.41%, 74.32%,-, 10.27%
13063,50.25%, 11.68%, 69.29%,-, 19.04%
13065,82.26%, 4.91%, 88.68%,-, 6.42%
13067,52.25%, 18.95%, 71.20%,-, 9.84%
13069,66.46%, 9.54%, 78.46%,-, 12.00%
13071,71.12%, 10.67%, 81.79%,-, 7.54%
13073,55.33%, 15.67%, 71.00%,-, 13.33%
13075,78.83%, 7.57%, 86.40%,-, 6.02%
13077,84.42%, 6.00%, 90.42%,-, 3.58%
13079,90.11%,-, 94.12%, 1.87%, 4.01%
13081,87.82%, 4.41%, 92.23%,-, 3.36%
13083,59.92%, 16.06%, 75.98%,-, 7.96%
13085,2.75%, 48.35%, 51.10%, 0.55%,-
13087,52.71%, 16.38%, 69.09%,-, 14.53%
13089,52.05%, 18.20%, 70.26%,-, 11.54%
13091,89.11%, 5.19%, 94.30%, 0.51%,-
13093,85.56%, 7.06%, 92.62%, 0.31%,-
13095,68.34%, 12.71%, 81.05%,-, 6.24%
13097,38.43%, 14.96%, 61.74%,-, 23.30%
13099,66.44%, 5.06%, 80.69%,-, 14.25%
13101,95.15%, 2.22%, 97.37%, 0.40%,-
13103,73.40%, 9.61%, 83.00%,-, 7.39%
13105,64.72%, 5.59%, 79.56%,-, 14.84%
13107,86.69%, 5.04%, 91.73%,-, 3.23%
13109,92.87%, 2.54%, 95.41%,-, 2.05%
13111,20.90%, 60.40%, 39.49%, 0.11%,-
13113,66.56%, 7.43%, 79.57%,-, 13.00%
13115,55.76%, 18.05%, 73.81%,-, 8.14%
13117,40.49%, 28.93%, 69.42%, 1.65%,-
13119,59.55%, 12.93%, 73.31%,-, 13.76%
13121,36.41%, 25.55%, 61.96%,-, 12.49%
13123,8.06%, 54.03%, 45.97%,-,-
13125,20.98%, 12.68%, 54.15%,-, 33.17%
13127,33.92%, 29.18%, 63.09%,-, 7.73%
13129,35.67%, 29.63%, 65.30%,-, 5.07%
13131,85.71%, 6.35%, 92.06%, 1.59%,-
13133,52.75%, 9.86%, 71.45%,-, 18.69%
13135,60.27%, 15.52%, 75.79%,-, 8.70%
13137,40.77%, 27.01%, 67.79%,-, 5.20%
13139,59.47%, 15.57%, 75.04%,-, 9.39%
13141,81.17%, 7.14%, 88.31%,-, 4.55%
13143,17.81%, 54.01%, 36.19%,-, 9.80%
13145,80.66%, 3.87%, 88.39%,-, 7.74%
13147,59.27%, 5.82%, 76.72%,-, 17.46%
13149,79.13%, 9.49%, 88.62%, 1.90%,-
13151,73.81%, 7.42%, 83.19%,-, 9.38%
13153,89.88%, 4.39%, 94.27%, 1.35%,-
13155,71.91%, 10.80%, 82.72%,-, 6.48%
13157,70.10%, 11.70%, 81.80%,-, 6.51%
13159,72.38%, 12.95%, 85.33%, 1.71%,-
13161,49.70%, 23.35%, 73.05%,-, 3.59%
13163,58.50%, 15.10%, 73.61%,-, 11.29%
13165,73.33%, 6.67%, 83.33%,-, 10.00%
13167,63.16%, 14.18%, 77.34%,-, 8.48%
13169,87.58%, 5.87%, 93.45%, 0.68%,-
13171,83.73%, 5.72%, 89.46%,-, 4.82%
13173,76.92%, 11.41%, 88.34%, 0.25%,-
13175,77.44%, 9.31%, 86.76%,-, 3.93%
13177,76.73%, 9.39%, 86.12%,-, 4.49%
13179,69.95%, 9.38%, 80.29%,-, 10.34%
13181,43.59%, 9.57%, 67.01%,-, 23.42%
13183,80.32%, 3.37%, 88.48%,-, 8.16%
13185,85.55%, 4.71%, 90.42%,-, 4.87%
13187,51.46%, 23.22%, 74.69%,-, 2.09%
13189,1.96%, 6.61%, 47.68%,-, 45.71%
13191,47.98%, 25.43%, 73.41%, 1.16%,-
13193,79.60%, 6.93%, 86.53%,-, 6.53%
13195,55.83%, 17.64%, 73.47%,-, 8.89%
13197,75.08%, 9.66%, 84.74%,-, 5.61%
13199,40.87%, 7.74%, 66.57%,-, 25.69%
13201,44.26%, 24.59%, 68.85%,-, 6.56%
13205,81.74%, 6.09%, 87.83%,-, 6.09%
13207,79.27%, 8.34%, 87.61%,-, 4.04%
13209,58.72%, 19.21%, 77.92%,-, 2.87%
13211,61.46%, 16.41%, 77.86%,-, 5.73%
13213,11.10%, 42.33%, 53.43%,-, 4.25%
13215,76.56%, 9.03%, 85.59%,-, 5.38%
13217,60.74%, 14.63%, 75.37%,-, 10.00%
13219,56.07%, 11.89%, 72.09%,-, 16.02%
13221,82.39%, 6.56%, 88.96%,-, 4.48%
13223,4.44%, 40.95%, 45.40%,-, 13.65%
13225,0%,-,-,-,-
13227,20.71%, 60.25%, 39.54%, 0.21%,-
13229,62.67%, 16.57%, 79.24%,-, 4.19%
13231,81.65%, 4.07%, 88.79%,-, 7.14%
13233,22.35%, 33.38%, 55.73%,-, 10.90%
13235,83.94%, 5.89%, 89.84%,-, 4.27%
13237,96.15%,-, 97.65%, 2.35%,-
13239,86.67%, 5.33%, 92.00%,-, 2.67%
13241,56.83%, 19.73%, 76.56%,-, 3.71%
13243,65.55%, 13.41%, 78.96%,-, 7.62%
13245,22.71%, 33.71%, 56.43%,-, 9.86%
13247,81.57%, 5.53%, 88.02%,-, 6.45%
13249,90.39%, 4.27%, 94.66%, 1.07%,-
13251,46.55%, 25.15%, 71.70%,-, 3.14%
13253,72.24%, 9.80%, 82.04%,-, 8.16%
13255,82.32%, 5.28%, 88.52%,-, 6.20%
13257,80.63%, 6.68%, 87.31%,-, 6.01%
13259,80.65%, 5.16%, 87.74%,-, 7.10%
13261,75.31%, 8.48%, 83.79%,-, 7.73%
13263,87.07%, 6.27%, 93.35%, 0.38%,-
13265,57.00%,-, 77.82%, 1.37%, 20.82%
13267,72.32%, 5.02%, 83.65%,-, 11.33%
13269,56.38%, 19.75%, 76.13%,-, 4.12%
13271,63.63%, 15.03%, 78.66%,-, 6.32%
13273,84.05%, 6.47%, 90.52%,-, 3.02%
13275,79.63%, 7.86%, 87.49%,-, 4.65%
13277,81.01%, 5.55%, 87.73%,-, 6.72%
13279,74.60%, 8.47%, 83.07%,-, 8.47%
13281,11.73%, 55.76%, 44.02%, 0.22%,-
13283,77.38%, 10.71%, 88.10%, 1.19%,-
13285,74.64%, 9.80%, 84.44%,-, 5.76%
13287,32.09%, 30.97%, 63.06%,-, 5.97%
13289,77.78%, 8.02%, 85.80%,-, 6.17%
13291,4.72%, 45.88%, 50.61%,-, 3.51%
13293,72.98%, 6.37%, 83.30%,-, 10.33%
13295,32.26%, 32.86%, 65.12%,-, 2.02%
13297,76.39%, 8.78%, 85.17%,-, 6.05%
13299,60.82%, 10.82%, 75.00%,-, 14.18%
13301,40.05%, 9.30%, 65.37%,-, 25.32%
13303,65.08%, 13.47%, 78.55%,-, 7.98%
13305,69.18%, 6.56%, 81.31%,-, 12.13%
13307,81.25%, 6.25%, 87.50%,-, 6.25%
13309,77.68%,-, 88.84%,-, 11.16%
13311,48.92%, 24.31%, 73.23%,-, 2.46%
13313,28.46%, 33.47%, 61.92%,-, 4.61%
13315,80.20%, 4.29%, 87.96%,-, 7.76%
13317,59.63%, 4.09%, 77.77%,-, 18.14%
13319,64.59%, 15.86%, 80.45%,-, 3.68%
13321,74.01%, 5.47%, 84.27%,-, 10.26%
15001,0%,-,-,-,-
15003,0%,-,-,-,-
15005,0%,-,-,-,-
15007,0%,-,-,-,-
15009,0%,-,-,-,-
16001,25.95%, 54.47%, 17.01%,-, 28.52%
16003,5.31%, 42.24%, 20.82%,-, 36.94%
16005,6.03%, 44.99%, 16.05%,-, 38.96%
16007,24.55%, 54.19%, 29.63%,-, 16.18%
16009,6.86%, 46.98%, 12.90%,-, 40.12%
16011,20.72%, 53.45%, 13.82%,-, 32.73%
16013,10.74%, 41.59%, 30.85%,-, 27.56%
16015,7.98%, 43.02%, 21.95%,-, 35.03%
16017,6.89%, 40.19%, 12.73%,-, 47.08%
16019,15.27%, 53.62%, 8.02%,-, 38.35%
16021,7.76%, 46.97%, 13.82%,-, 39.21%
16023,14.06%, 46.01%, 22.05%,-, 31.95%
16025,11.86%, 35.26%, 17.63%,-, 47.11%
16027,13.50%, 38.40%, 9.70%,-, 51.90%
16029,34.72%, 58.80%, 17.13%,-, 24.07%
16031,17.80%, 52.01%, 13.78%,-, 34.21%
16033,44.96%, 69.47%, 6.02%,-, 24.51%
16035,11.09%, 47.47%, 16.16%,-, 36.38%
16037,15.02%, 45.99%, 30.97%,-, 23.03%
16039,5.64%, 38.01%, 18.35%,-, 43.64%
16041,24.31%, 51.87%, 20.58%,-, 27.55%
16043,5.04%, 45.30%, 14.45%,-, 40.26%
16045,2.74%, 41.31%, 14.64%,-, 44.05%
16047,8.32%, 45.42%, 17.47%,-, 37.10%
16049,1.85%, 38.17%, 21.81%,-, 40.02%
16051,11.11%, 50.07%, 10.96%,-, 38.96%
16053,9.25%, 46.76%, 15.74%,-, 37.51%
16055,0.45%, 44.84%, 10.77%,-, 44.39%
16057,18.90%, 52.28%, 14.35%,-, 33.37%
16059,30.47%, 54.38%, 23.92%,-, 21.70%
16061,5.14%, 32.44%, 29.99%,-, 37.57%
16063,20.82%, 54.36%, 12.10%,-, 33.54%
16065,30.46%, 53.82%, 22.83%,-, 23.36%
16067,12.37%, 39.92%, 7.79%,-, 52.29%
16069,7.69%, 42.42%, 22.85%,-, 34.73%
16071,9.36%, 42.81%, 23.73%,-, 33.45%
16073,6.93%, 36.53%, 20.01%,-, 43.46%
16075,11.15%, 47.39%, 16.38%,-, 36.23%
16077,4.16%, 43.13%, 17.89%,-, 38.97%
16079,16.08%, 51.02%, 14.04%,-, 34.94%
16081,26.97%, 55.70%, 15.58%,-, 28.73%
16083,20.17%, 51.04%, 18.09%,-, 30.87%
16085,1.00%, 40.57%, 17.86%,-, 41.57%
16087,4.44%, 41.33%, 21.77%,-, 36.90%
17001,5.56%, 40.92%, 35.35%, 0.40%, 23.33%
17003,23.76%, 58.10%, 34.34%, 0.10%, 7.46%
17005,23.43%, 56.88%, 33.45%, 0.55%, 9.13%
17007,56.27%, 75.37%, 5.38%, 0.14%, 19.11%
17009,12.98%, 41.49%, 54.46%, 0.53%, 3.52%
17011,33.76%, 60.38%, 12.74%, 0.27%, 26.62%
17013,0.89%, 48.12%, 47.23%, 0.42%, 4.24%
17015,30.18%, 60.93%, 8.06%, 0.25%, 30.75%
17017,3.02%, 41.23%, 38.21%, 0.24%, 20.32%
17019,39.79%, 62.81%, 23.02%, 0.28%, 13.89%
17021,9.79%, 46.08%, 36.29%, 0.57%, 17.07%
17023,5.75%, 51.55%, 45.79%, 0.36%, 2.30%
17025,6.43%, 49.60%, 43.17%, 0.30%, 6.92%
17027,19.11%, 29.69%, 21.32%, 0.19%, 48.80%
17029,18.42%, 54.90%, 36.49%, 0.22%, 8.39%
17031,41.56%, 61.87%, 20.31%, 0.21%, 17.61%
17033,6.44%, 51.25%, 44.81%, 0.08%, 3.86%
17035,5.95%, 51.09%, 45.14%, 0.17%, 3.60%
17037,64.36%, 76.40%, 11.20%, 0.36%, 12.03%
17039,27.51%, 58.77%, 31.27%, 0.35%, 9.61%
17041,23.81%, 55.65%, 31.84%, 0.48%, 12.02%
17043,53.97%, 72.81%, 8.15%, 0.19%, 18.84%
17045,8.93%, 52.31%, 43.38%, 0.15%, 4.15%
17047,43.09%, 69.59%, 26.49%, 0.38%, 3.54%
17049,8.12%, 39.18%, 47.30%, 0.25%, 13.27%
17051,3.31%, 48.43%, 45.13%, 0.38%, 6.06%
17053,54.03%, 70.53%, 16.50%, 0.15%, 12.82%
17055,5.77%, 39.59%, 33.82%, 1.44%, 25.14%
17057,20.38%, 48.35%, 27.96%, 0.54%, 23.16%
17059,12.96%, 39.16%, 52.12%, 0.68%, 8.04%
17061,12.63%, 39.73%, 52.35%, 0.18%, 7.74%
17063,39.17%, 63.97%, 10.94%, 0.29%, 24.79%
17065,8.43%, 44.02%, 52.44%, 0.23%, 3.31%
17067,11.56%, 51.83%, 40.27%, 0.43%, 7.47%
17069,0.71%, 49.06%, 48.34%, 0.11%, 2.49%
17071,52.54%, 72.87%, 20.32%, 0.30%, 6.50%
17073,55.73%, 72.39%, 10.69%, 0.27%, 16.65%
17075,44.39%, 64.07%, 19.68%, 0.24%, 16.01%
17077,13.18%, 49.30%, 36.12%, 0.41%, 14.16%
17079,1.78%, 47.37%, 49.15%, 0.34%, 3.14%
17081,7.02%, 44.57%, 51.59%, 0.25%, 3.59%
17083,4.75%, 44.44%, 49.19%, 0.33%, 6.05%
17085,16.41%, 50.36%, 15.29%, 0.40%, 33.95%
17087,26.03%, 60.59%, 34.57%, 0.22%, 4.62%
17089,61.13%, 76.34%, 8.21%, 0.25%, 15.21%
17091,48.85%, 67.47%, 13.47%, 0.45%, 18.61%
17093,69.36%, 79.68%, 9.80%, 0.20%, 10.32%
17095,45.35%, 65.89%, 13.30%, 0.26%, 20.55%
17097,60.28%, 75.48%, 8.31%, 1.00%, 15.20%
17099,38.77%, 60.47%, 17.55%, 0.28%, 21.70%
17101,5.63%, 51.50%, 45.87%, 2.63%,-
17103,49.73%, 69.36%, 19.63%, 0.32%, 10.69%
17105,45.15%, 64.53%, 19.37%, 0.21%, 15.89%
17107,27.15%, 57.16%, 30.01%, 0.39%, 12.44%
17109,28.35%, 60.99%, 32.63%, 0.32%, 6.06%
17111,45.23%, 67.24%, 10.54%, 0.22%, 22.01%
17113,32.87%, 55.95%, 23.07%, 0.25%, 20.73%
17115,35.81%, 60.22%, 24.40%, 0.30%, 15.07%
17117,7.38%, 39.24%, 28.08%, 0.81%, 31.86%
17119,16.88%, 47.61%, 30.74%, 0.23%, 21.42%
17121,8.38%, 44.01%, 35.63%, 0.40%, 19.96%
17123,30.01%, 58.41%, 28.40%, 0.46%, 12.73%
17125,14.76%, 52.72%, 37.96%, 0.27%, 9.04%
17127,51.07%, 71.44%, 20.37%, 0.44%, 7.75%
17129,18.73%, 56.18%, 37.45%, 0.25%, 6.11%
17131,47.65%, 68.30%, 20.66%, 0.22%, 10.82%
17133,20.66%, 48.35%, 27.70%, 0.22%, 23.73%
17135,14.14%, 47.26%, 33.12%, 0.62%, 19.00%
17137,16.86%, 55.40%, 38.54%, 0.15%, 5.91%
17139,10.58%, 53.10%, 42.52%, 0.41%, 3.98%
17141,56.97%, 71.61%, 13.48%, 0.27%, 14.64%
17143,32.33%, 58.55%, 14.71%, 0.51%, 26.22%
17145,7.39%, 39.76%, 32.37%, 0.57%, 27.30%
17147,34.98%, 64.31%, 29.34%, 0.36%, 5.99%
17149,3.98%, 45.59%, 49.57%, 0.45%, 4.40%
17151,36.41%, 66.51%, 30.10%, 0.12%, 3.26%
17153,30.37%, 61.57%, 31.20%, 0.07%, 7.16%
17155,35.08%, 61.50%, 11.72%, 0.36%, 26.42%
17157,7.29%, 41.61%, 34.32%, 0.26%, 23.81%
17159,5.41%, 50.07%, 44.66%, 0.47%, 4.79%
17161,25.93%, 57.69%, 10.19%, 0.37%, 31.76%
17163,16.59%, 45.85%, 29.26%, 0.44%, 24.45%
17165,15.82%, 47.03%, 31.21%, 0.56%, 21.20%
17167,23.77%, 51.58%, 27.81%, 0.68%, 19.92%
17169,2.22%, 46.21%, 48.43%, 0.32%, 5.05%
17171,5.28%, 50.49%, 45.21%, 0.23%, 4.08%
17173,2.92%, 48.13%, 45.21%, 0.51%, 6.16%
17175,50.42%, 71.07%, 20.65%, 0.11%, 8.17%
17177,21.89%, 53.27%, 15.12%, 0.23%, 31.38%
17179,27.96%, 52.11%, 23.49%, 0.26%, 24.15%
17181,18.28%, 39.16%, 57.44%, 0.12%, 3.28%
17183,29.89%, 54.64%, 19.70%, 0.91%, 24.75%
17185,2.17%, 45.61%, 43.44%, 0.46%, 10.48%
17187,42.10%, 65.07%, 22.97%, 0.43%, 11.53%
17189,28.30%, 56.43%, 28.13%, 0.41%, 15.03%
17191,7.37%, 52.70%, 45.34%, 1.96%,-
17193,7.06%, 44.71%, 51.77%, 0.22%, 3.29%
17195,60.83%, 74.04%, 12.56%, 0.19%, 13.21%
17197,41.90%, 64.16%, 13.26%, 0.33%, 22.26%
17199,15.70%, 45.27%, 29.57%, 0.44%, 24.72%
17201,50.44%, 71.32%, 7.23%, 0.56%, 20.88%
17203,32.98%, 57.48%, 24.49%, 0.27%, 17.77%
18001,12.04%, 41.34%, 53.38%, 0.42%, 4.85%
18003,17.10%, 54.12%, 37.03%, 0.50%, 8.35%
18005,15.82%, 56.62%, 40.80%, 0.26%, 2.33%
18007,20.50%, 58.14%, 37.64%, 0.36%, 3.86%
18009,6.60%, 51.10%, 44.50%, 0.60%, 3.80%
18011,6.64%, 52.57%, 45.93%, 1.50%,-
18013,23.11%, 36.93%, 60.04%, 0.73%, 2.30%
18015,10.40%, 53.52%, 43.11%, 0.38%, 2.99%
18017,26.22%, 55.89%, 29.67%, 0.49%, 13.95%
18019,6.31%, 51.70%, 45.38%, 0.18%, 2.74%
18021,4.97%, 48.86%, 43.88%, 0.34%, 6.92%
18023,10.09%, 53.88%, 43.79%, 2.33%,-
18025,10.49%, 43.08%, 53.57%, 0.58%, 2.76%
18027,6.95%, 51.42%, 44.46%, 0.22%, 3.90%
18029,2.71%, 48.11%, 45.41%, 0.38%, 6.10%
18031,8.79%, 52.94%, 44.15%, 0.26%, 2.65%
18033,17.57%, 54.63%, 37.05%, 0.50%, 7.82%
18035,28.20%, 61.74%, 33.55%, 1.42%, 3.29%
18037,33.18%, 30.53%, 63.71%, 0.08%, 5.68%
18039,41.21%, 64.50%, 23.29%, 0.67%, 11.54%
18041,27.57%, 62.16%, 34.58%, 0.39%, 2.87%
18043,1.64%, 46.50%, 48.15%, 0.26%, 5.10%
18045,5.50%, 51.28%, 45.78%, 0.28%, 2.66%
18047,8.34%, 44.43%, 52.78%, 0.23%, 2.56%
18049,13.92%, 55.53%, 41.61%, 0.40%, 2.46%
18051,6.65%, 49.62%, 42.98%, 0.46%, 6.94%
18053,20.16%, 55.10%, 34.95%, 0.66%, 9.29%
18055,4.85%, 45.93%, 41.09%, 0.36%, 12.62%
18057,31.99%, 64.91%, 32.92%, 2.17%,-
18059,3.50%, 47.27%, 50.77%, 1.95%,-
18061,1.35%, 48.31%, 49.67%, 2.02%,-
18063,24.10%, 61.02%, 36.92%, 2.05%,-
18065,23.68%, 60.85%, 37.18%, 1.97%,-
18067,28.69%, 60.05%, 31.36%, 0.67%, 7.93%
18069,13.35%, 51.42%, 38.07%, 0.50%, 10.00%
18071,11.39%, 41.63%, 53.02%, 0.32%, 5.03%
18073,33.85%, 64.36%, 30.51%, 0.21%, 4.92%
18075,8.64%, 52.83%, 44.19%, 0.51%, 2.47%
18077,13.66%, 55.50%, 41.84%, 0.30%, 2.36%
18079,12.04%, 54.41%, 42.36%, 0.37%, 2.86%
18081,2.61%, 50.77%, 48.16%, 1.07%,-
18083,0.57%, 44.31%, 44.88%, 0.45%, 10.36%
18085,20.83%, 58.33%, 37.50%, 0.58%, 3.58%
18087,31.15%, 63.34%, 32.20%, 0.29%, 4.17%
18089,41.84%, 64.61%, 22.76%, 0.50%, 12.14%
18091,33.70%, 61.22%, 27.52%, 0.29%, 10.97%
18093,24.68%, 60.70%, 36.02%, 0.21%, 3.07%
18095,19.95%, 57.64%, 37.69%, 0.67%, 4.01%
18097,22.15%, 59.13%, 36.98%, 0.25%, 3.63%
18099,10.71%, 53.22%, 42.51%, 0.52%, 3.75%
18101,3.77%, 46.77%, 50.54%, 0.15%, 2.54%
18103,13.79%, 51.49%, 37.70%, 0.70%, 10.11%
18105,13.77%, 55.22%, 41.45%, 0.25%, 3.08%
18107,18.59%, 58.52%, 39.93%, 1.55%,-
18109,13.42%, 55.58%, 42.17%, 2.25%,-
18111,26.38%, 60.37%, 33.99%, 0.29%, 5.36%
18113,15.68%, 55.72%, 40.04%, 0.41%, 3.83%
18115,3.28%, 46.98%, 50.26%, 0.67%, 2.09%
18117,14.37%, 56.04%, 41.66%, 2.30%,-
18119,0.78%, 47.41%, 48.19%, 0.34%, 4.06%
18121,23.99%, 59.12%, 35.13%, 0.72%, 5.03%
18123,8.96%, 44.30%, 53.25%, 0.12%, 2.32%
18125,3.53%, 48.78%, 45.25%, 0.43%, 5.55%
18127,47.96%, 67.76%, 19.80%, 0.27%, 12.18%
18129,0.68%, 48.82%, 48.14%, 0.39%, 2.66%
18131,15.59%, 55.03%, 39.44%, 0.42%, 5.11%
18133,1.70%, 49.14%, 47.44%, 0.17%, 3.25%
18135,31.45%, 64.10%, 32.65%, 0.97%, 2.27%
18137,4.56%, 49.02%, 44.45%, 0.21%, 6.32%
18139,26.71%, 62.58%, 35.87%, 1.55%,-
18141,21.00%, 57.65%, 36.65%, 0.35%, 5.36%
18143,8.50%, 44.59%, 53.08%, 2.33%,-
18145,5.32%, 51.52%, 46.20%, 2.29%,-
18147,0.15%, 48.59%, 48.75%, 0.33%, 2.33%
18149,17.61%, 53.00%, 35.39%, 0.20%, 11.40%
18151,41.25%, 68.52%, 27.27%, 0.56%, 3.66%
18153,0.61%, 42.64%, 43.25%, 0.75%, 13.36%
18155,1.40%, 48.29%, 49.69%, 2.02%,-
18157,21.81%, 58.40%, 36.59%, 0.32%, 4.69%
18159,6.42%, 51.33%, 44.91%, 0.56%, 3.20%
18161,19.20%, 58.77%, 39.57%, 1.66%,-
18163,18.61%, 55.29%, 36.68%, 0.26%, 7.77%
18165,18.72%, 49.14%, 30.42%, 0.73%, 19.70%
18167,17.66%, 52.74%, 35.08%, 0.53%, 11.66%
18169,26.77%, 60.44%, 33.67%, 0.82%, 5.07%
18171,43.26%, 69.66%, 26.39%, 0.30%, 3.65%
18173,7.43%, 51.49%, 44.06%, 0.46%, 3.98%
18175,6.17%, 46.37%, 52.55%, 1.08%,-
18177,27.44%, 59.75%, 32.31%, 0.43%, 7.52%
18179,6.91%, 44.92%, 51.83%, 0.86%, 2.40%
18181,16.84%, 56.36%, 39.52%, 0.28%, 3.84%
18183,11.61%, 54.84%, 43.23%, 1.94%,-
19001,46.07%, 67.29%, 11.45%, 0.03%, 21.22%
19003,27.71%, 54.28%, 19.12%, 0.02%, 26.58%
19005,4.95%, 38.40%, 17.97%, 0.29%, 43.34%
19007,32.92%, 57.14%, 18.08%, 0.56%, 24.22%
19009,28.79%, 53.86%, 21.00%, 0.07%, 25.07%
19011,32.65%, 58.13%, 15.96%, 0.44%, 25.48%
19013,43.00%, 65.29%, 12.31%, 0.12%, 22.28%
19015,0.25%, 45.57%, 6.42%, 0.06%, 45.32%
19017,9.21%, 48.32%, 12.46%, 0.11%, 39.11%
19019,42.53%, 63.10%, 20.58%, 0.03%, 16.29%
19021,14.31%, 52.38%, 9.39%, 0.15%, 38.08%
19023,29.64%, 59.57%, 10.39%, 0.11%, 29.93%
19025,17.66%, 53.21%, 10.77%, 0.47%, 35.55%
19027,4.93%, 41.06%, 22.80%, 0.01%, 36.13%
19029,50.83%, 68.70%, 13.20%, 0.24%, 17.87%
19031,40.91%, 60.74%, 19.41%, 0.03%, 19.83%
19033,27.26%, 58.85%, 9.41%, 0.15%, 31.59%
19035,19.56%, 52.29%, 14.59%, 0.39%, 32.73%
19037,16.71%, 46.50%, 23.63%, 0.10%, 29.78%
19039,20.36%, 52.48%, 15.27%, 0.14%, 32.11%
19041,29.13%, 60.95%, 6.49%, 0.74%, 31.82%
19043,1.45%, 41.48%, 15.48%, 0.11%, 42.93%
19045,24.88%, 52.68%, 19.38%, 0.15%, 27.80%
19047,9.51%, 36.26%, 15.79%, 0.11%, 45.77%
19049,33.14%, 61.97%, 9.09%, 0.10%, 28.84%
19051,17.42%, 48.76%, 31.33%, 0.05%, 19.86%
19053,19.08%, 47.13%, 24.77%, 0.06%, 28.05%
19055,44.43%, 64.68%, 15.01%, 0.07%, 20.25%
19057,26.11%, 53.98%, 17.66%, 0.48%, 27.87%
19059,43.50%, 66.18%, 9.70%, 1.43%, 22.69%
19061,9.06%, 32.77%, 22.63%, 0.13%, 41.83%
19063,14.62%, 53.26%, 7.91%, 0.19%, 38.64%
19065,11.26%, 50.21%, 10.69%, 0.15%, 38.95%
19067,39.03%, 66.00%, 6.97%, 0.07%, 26.97%
19069,26.07%, 58.74%, 6.90%, 1.69%, 32.67%
19071,12.66%, 53.24%, 40.58%, 0.05%, 6.14%
19073,45.03%, 66.76%, 11.47%, 0.04%, 21.73%
19075,26.48%, 57.84%, 10.71%, 0.09%, 31.36%
19077,31.84%, 60.06%, 11.69%, 0.03%, 28.22%
19079,28.33%, 60.74%, 6.76%, 0.10%, 32.40%
19081,29.56%, 59.62%, 10.30%, 0.02%, 30.06%
19083,28.14%, 59.51%, 8.00%, 1.11%, 31.37%
19085,18.97%, 51.01%, 32.03%, 0.09%, 16.87%
19087,42.80%, 62.17%, 18.42%, 0.04%, 19.37%
19089,20.84%, 47.67%, 26.83%, 0.07%, 25.44%
19091,27.28%, 59.71%, 7.78%, 0.08%, 32.43%
19093,1.65%, 43.46%, 14.64%, 0.09%, 41.81%
19095,25.49%, 51.91%, 21.33%, 0.35%, 26.42%
19097,22.21%, 50.20%, 27.99%, 0.93%, 20.89%
19099,24.24%, 56.81%, 10.50%, 0.12%, 32.57%
19101,42.21%, 61.61%, 18.94%, 0.05%, 19.40%
19103,9.08%, 44.53%, 35.45%, 0.21%, 19.80%
19105,29.20%, 57.14%, 27.94%,-, 14.93%
19107,23.85%, 51.36%, 27.51%, 0.07%, 21.06%
19109,2.79%, 43.51%, 15.65%, 0.11%, 40.72%
19111,27.73%, 54.41%, 26.68%, 0.15%, 18.76%
19113,46.23%, 64.49%, 17.13%, 0.12%, 18.26%
19115,44.12%, 64.89%, 14.13%, 0.20%, 20.77%
19117,18.54%, 52.64%, 13.19%, 0.06%, 34.10%
19119,1.69%, 43.99%, 10.16%, 0.17%, 45.68%
19121,40.97%, 60.80%, 19.83%, 0.07%, 19.29%
19123,26.56%, 55.11%, 15.87%, 0.47%, 28.55%
19125,17.94%, 47.65%, 22.45%, 0.19%, 29.71%
19127,48.56%, 68.09%, 11.46%, 0.93%, 19.53%
19129,27.39%, 57.38%, 29.99%, 0.17%, 12.46%
19131,0.55%, 46.93%, 6.49%, 0.21%, 46.37%
19133,22.21%, 50.94%, 20.26%, 0.06%, 28.73%
19135,19.68%, 50.92%, 17.25%, 0.60%, 31.24%
19137,40.31%, 64.51%, 11.25%, 0.04%, 24.20%
19139,47.33%, 64.87%, 16.47%, 1.11%, 17.55%
19141,27.64%, 58.47%, 10.60%, 0.10%, 30.83%
19143,11.34%, 50.42%, 10.37%, 0.13%, 39.08%
19145,47.69%, 65.58%, 17.89%, 0.08%, 16.45%
19147,9.25%, 49.49%, 9.97%, 0.30%, 40.24%
19149,1.94%, 42.09%, 17.76%,-, 40.15%
19151,6.21%, 39.65%, 12.80%, 1.69%, 45.86%
19153,36.38%, 62.21%, 11.06%, 0.91%, 25.83%
19155,26.60%, 52.78%, 20.93%, 0.12%, 26.18%
19157,24.70%, 53.57%, 17.33%, 0.22%, 28.87%
19159,38.37%, 60.68%, 17.01%,-, 22.31%
19161,31.79%, 60.65%, 10.30%, 0.20%, 28.86%
19163,35.72%, 60.32%, 14.28%, 0.80%, 24.60%
19165,14.09%, 47.96%, 33.88%, 0.44%, 17.71%
19167,28.55%, 58.91%, 10.69%, 0.05%, 30.36%
19169,39.77%, 63.06%, 11.94%, 1.71%, 23.29%
19171,32.00%, 55.27%, 23.27%, 0.07%, 21.38%
19173,38.32%, 60.95%, 16.30%, 0.13%, 22.62%
19175,23.25%, 54.15%, 14.86%, 0.09%, 30.90%
19177,40.44%, 60.69%, 20.25%, 0.10%, 18.96%
19179,31.58%, 56.96%, 17.54%, 0.13%, 25.38%
19181,41.15%, 62.08%, 16.89%, 0.09%, 20.93%
19183,38.02%, 60.31%, 22.30%, 0.08%, 17.31%
19185,22.50%, 49.97%, 27.47%, 0.21%, 22.35%
19187,9.43%, 46.00%, 14.38%, 0.08%, 36.56%
19189,1.01%, 47.27%, 4.35%, 0.10%, 48.28%
19191,4.14%, 43.96%, 15.98%, 0.24%, 39.82%
19193,11.16%, 47.38%, 16.16%, 0.24%, 36.22%
19195,5.90%, 50.97%, 3.92%, 0.04%, 45.07%
19197,21.46%, 57.40%, 6.65%,-, 35.94%
20001,44.94%, 69.94%, 25.00%,-, 5.06%
20003,33.04%, 60.98%, 27.94%,-, 11.07%
20005,41.35%, 63.83%, 22.47%,-, 13.70%
20007,34.38%, 58.25%, 23.87%,-, 17.88%
20009,34.42%, 56.49%, 22.06%,-, 21.45%
20011,15.82%, 48.96%, 33.15%,-, 17.89%
20013,46.16%, 68.94%, 22.78%,-, 8.28%
20015,29.29%, 57.93%, 28.64%,-, 13.42%
20017,36.56%, 62.61%, 26.05%,-, 11.34%
20019,33.25%, 59.99%, 26.73%,-, 13.28%
20021,23.02%, 52.90%, 29.88%,-, 17.22%
20023,22.60%, 50.38%, 21.84%,-, 27.78%
20025,34.13%, 59.16%, 25.03%,-, 15.81%
20027,39.26%, 62.93%, 23.67%,-, 13.40%
20029,42.99%, 62.57%, 17.84%,-, 19.58%
20031,33.78%, 62.47%, 28.68%,-, 8.85%
20033,35.44%, 60.25%, 24.81%,-, 14.93%
20035,36.83%, 58.51%, 21.68%,-, 19.81%
20037,19.74%, 50.34%, 19.07%,-, 30.60%
20039,11.66%, 46.89%, 35.23%,-, 17.88%
20041,46.83%, 64.58%, 17.67%,-, 17.75%
20043,52.19%, 72.78%, 20.59%,-, 6.63%
20045,57.29%, 75.25%, 17.96%,-, 6.79%
20047,47.95%, 66.98%, 19.03%,-, 13.99%
20049,35.22%, 64.26%, 29.04%,-, 6.71%
20051,14.89%, 46.37%, 22.15%,-, 31.48%
20053,34.34%, 58.77%, 24.42%,-, 16.81%
20055,40.06%, 61.66%, 21.60%,-, 16.74%
20057,31.91%, 57.99%, 26.08%,-, 15.94%
20059,41.12%, 67.05%, 25.94%,-, 7.01%
20061,48.43%, 66.34%, 17.91%,-, 15.75%
20063,45.38%, 67.77%, 22.38%,-, 9.85%
20065,28.29%, 53.78%, 20.74%,-, 25.49%
20067,45.47%, 67.11%, 21.64%,-, 11.26%
20069,30.69%, 59.34%, 28.65%,-, 12.00%
20071,41.91%, 64.21%, 13.49%,-, 22.30%
20073,36.55%, 64.02%, 27.47%,-, 8.51%
20075,25.96%, 52.27%, 26.31%,-, 21.42%
20077,22.40%, 53.25%, 30.85%,-, 15.90%
20079,36.11%, 58.96%, 22.86%,-, 18.18%
20081,43.06%, 65.13%, 22.06%,-, 12.81%
20083,35.90%, 60.66%, 24.76%,-, 14.57%
20085,48.11%, 71.09%, 22.97%,-, 5.94%
20087,51.00%, 72.71%, 21.70%,-, 5.59%
20089,37.04%, 64.83%, 27.78%,-, 7.39%
20091,38.84%, 66.15%, 27.31%,-, 6.54%
20093,33.18%, 57.57%, 18.04%,-, 24.39%
20095,30.11%, 54.33%, 24.22%,-, 21.45%
20097,47.43%, 70.08%, 22.65%,-, 7.28%
20099,30.35%, 55.25%, 24.90%,-, 19.85%
20101,35.12%, 59.08%, 23.96%,-, 16.97%
20103,46.53%, 68.05%, 21.52%,-, 10.43%
20105,34.86%, 59.41%, 16.04%,-, 24.55%
20107,27.08%, 57.91%, 30.84%,-, 11.25%
20109,44.47%, 63.86%, 19.39%,-, 16.75%
20111,32.26%, 57.32%, 25.06%,-, 17.62%
20113,46.30%, 65.99%, 19.69%,-, 14.32%
20115,34.14%, 56.38%, 21.38%,-, 22.24%
20117,36.92%, 62.35%, 25.43%,-, 12.22%
20119,42.45%, 66.94%, 24.49%,-, 8.56%
20121,36.04%, 61.76%, 25.72%,-, 12.52%
20123,31.98%, 59.79%, 27.80%,-, 12.41%
20125,40.68%, 65.02%, 24.34%,-, 10.63%
20127,42.92%, 64.70%, 21.78%,-, 13.51%
20129,31.50%, 55.02%, 23.52%,-, 21.46%
20131,33.09%, 60.24%, 27.15%,-, 12.60%
20133,32.56%, 58.70%, 26.14%,-, 15.16%
20135,43.17%, 64.64%, 21.47%,-, 13.89%
20137,32.40%, 59.33%, 26.93%,-, 13.73%
20139,37.06%, 63.20%, 26.14%,-, 10.66%
20141,52.13%, 71.55%, 19.43%,-, 9.02%
20143,39.46%, 60.25%, 20.79%,-, 18.96%
20145,33.67%, 62.54%, 28.86%,-, 8.60%
20147,26.40%, 54.97%, 28.58%,-, 16.45%
20149,45.14%, 68.28%, 23.14%,-, 8.57%
20151,32.34%, 57.36%, 25.03%,-, 17.61%
20153,17.78%, 45.79%, 28.01%,-, 26.20%
20155,42.04%, 65.23%, 23.18%,-, 11.59%
20157,33.57%, 59.96%, 26.40%,-, 13.64%
20159,45.75%, 68.53%, 22.78%,-, 8.69%
20161,48.90%, 70.03%, 21.13%,-, 8.84%
20163,40.88%, 66.02%, 25.14%, 0.08%, 8.76%
20165,31.94%, 57.25%, 25.31%,-, 17.43%
20167,45.35%, 64.30%, 16.75%,-, 18.95%
20169,43.11%, 62.20%, 18.71%,-, 19.09%
20171,20.03%, 50.87%, 30.84%,-, 18.30%
20173,33.65%, 57.23%, 23.58%,-, 19.18%
20175,22.31%, 52.00%, 29.69%,-, 18.31%
20177,53.92%, 72.21%, 18.29%,-, 9.49%
20179,34.84%, 59.11%, 24.27%,-, 16.61%
20181,13.37%, 45.89%, 21.60%,-, 32.52%
20183,28.24%, 57.23%, 28.99%,-, 13.78%
20185,47.41%, 68.58%, 21.17%,-, 10.24%
20187,36.41%, 62.44%, 26.03%,-, 11.53%
20189,44.53%, 66.55%, 22.01%,-, 11.44%
20191,29.64%, 54.93%, 25.29%,-, 19.79%
20193,22.45%, 52.50%, 30.05%,-, 17.44%
20195,36.98%, 58.14%, 20.70%,-, 21.16%
20197,47.01%, 65.90%, 15.21%,-, 18.89%
20199,22.62%, 53.70%, 15.23%,-, 31.08%
20201,38.37%, 60.98%, 22.62%,-, 16.40%
20203,43.56%, 62.68%, 19.12%,-, 18.21%
20205,40.45%, 65.00%, 24.55%,-, 10.45%
20207,36.30%, 63.17%, 26.87%,-, 9.95%
20209,37.28%, 59.48%, 22.20%,-, 18.32%
21001,7.53%, 53.40%, 45.86%, 0.74%,-
21003,13.70%, 56.52%, 42.83%, 0.65%,-
21005,18.81%, 39.84%, 58.65%, 1.52%,-
21007,59.04%, 19.18%, 78.22%, 0.58%, 2.03%
21009,11.98%, 43.48%, 55.46%, 1.06%,-
21011,9.64%, 44.90%, 54.55%, 0.55%,-
21013,40.59%, 68.02%, 27.43%, 0.33%, 4.22%
21015,23.47%, 36.39%, 59.86%, 0.30%, 3.45%
21017,4.37%, 47.06%, 51.43%, 1.50%,-
21019,18.17%, 55.55%, 37.38%, 1.03%, 6.05%
21021,8.43%, 43.00%, 51.42%, 0.87%, 4.71%
21023,8.54%, 51.67%, 43.13%, 1.57%, 3.63%
21025,24.60%, 37.59%, 62.19%, 0.22%,-
21027,8.38%, 53.37%, 44.99%, 1.64%,-
21029,29.44%, 33.04%, 62.49%, 0.10%, 4.37%
21031,37.83%, 68.18%, 30.35%, 1.47%,-
21033,6.49%, 51.45%, 44.96%, 0.54%, 3.05%
