statecounty,17.42%, 58.22%, 40.79%, 0.99%
01001,12.77%, 43.61%, 56.39%,-
01003,2.61%, 51.05%, 48.44%, 0.51%
01005,27.84%, 35.59%, 63.44%, 0.97%
01007,8.41%, 45.61%, 54.02%, 0.36%
01009,4.12%, 52.06%, 47.94%,-
01011,47.47%, 26.27%, 73.73%,-
01013,27.71%, 36.14%, 63.86%,-
01015,9.02%, 54.50%, 45.48%, 0.02%
01017,26.84%, 63.42%, 36.58%,-
01019,25.74%, 62.78%, 37.05%, 0.17%
01021,38.84%, 69.37%, 30.52%, 0.11%
01023,48.65%, 25.67%, 74.33%,-
01025,27.94%, 36.03%, 63.97%,-
01027,31.76%, 65.86%, 34.10%, 0.03%
01029,16.51%, 58.25%, 41.75%,-
01031,21.66%, 39.17%, 60.83%,-
01033,34.12%, 31.64%, 65.75%,-
01035,12.94%, 56.47%, 43.53%,-
01037,21.32%, 60.63%, 39.31%, 0.06%
01039,8.65%, 45.60%, 54.26%, 0.14%
01041,14.66%, 42.67%, 57.33%,-
01043,30.55%, 65.28%, 34.72%,-
01045,10.43%, 44.76%, 55.19%, 0.04%
01047,45.96%, 27.00%, 72.96%, 0.04%
01049,18.56%, 59.27%, 40.71%, 0.02%
01051,14.96%, 57.45%, 42.49%, 0.06%
01053,23.91%, 61.94%, 38.03%, 0.04%
01055,18.39%, 58.88%, 40.50%, 0.62%
01057,19.69%, 59.83%, 40.13%, 0.04%
01059,12.60%, 56.24%, 43.64%, 0.11%
01061,1.59%, 50.80%, 49.20%,-
01063,87.81%, 6.09%, 93.91%,-
01065,44.45%, 27.77%, 72.23%,-
01067,1.18%, 49.35%, 50.53%, 0.12%
01069,7.68%, 46.12%, 53.81%, 0.07%
01071,17.69%, 58.72%, 41.03%, 0.25%
01073,3.80%, 51.74%, 47.94%, 0.32%
01075,27.44%, 36.28%, 63.72%,-
01077,32.41%, 33.78%, 66.20%, 0.02%
01079,1.32%, 49.27%, 50.59%, 0.15%
01081,17.11%, 41.38%, 58.49%, 0.12%
01083,61.16%, 19.42%, 80.58%,-
01085,59.23%, 20.39%, 79.61%,-
01087,20.30%, 39.68%, 59.98%, 0.34%
01089,0.26%, 50.11%, 49.85%, 0.04%
01091,43.25%, 28.38%, 71.62%,-
01093,1.75%, 49.13%, 50.87%,-
01095,3.90%, 51.84%, 47.94%, 0.23%
01097,8.22%, 45.84%, 54.07%, 0.09%
01099,11.13%, 44.44%, 55.56%,-
01101,34.16%, 32.90%, 67.06%, 0.03%
01103,9.64%, 54.76%, 45.12%, 0.12%
01105,46.00%, 26.97%, 72.97%, 0.06%
01107,23.71%, 38.15%, 61.85%,-
01109,53.35%, 23.24%, 76.59%, 0.17%
01111,18.15%, 59.04%, 40.89%, 0.07%
01113,42.86%, 27.82%, 70.68%, 1.50%
01115,32.55%, 66.25%, 33.70%, 0.05%
01117,19.58%, 59.53%, 39.95%, 0.52%
01119,68.33%, 15.84%, 84.16%,-
01121,2.75%, 48.43%, 51.18%, 0.39%
01123,19.05%, 40.46%, 59.51%, 0.03%
01125,39.16%, 30.39%, 69.56%, 0.05%
01127,7.54%, 46.23%, 53.77%,-
01129,16.45%, 41.73%, 58.18%, 0.08%
01131,57.22%, 21.35%, 78.57%, 0.08%
01133,51.95%, 75.96%, 24.01%, 0.04%
02013,0%,-,-,-
02016,0%,-,-,-
02020,0%,-,-,-
02050,0%,-,-,-
02060,0%,-,-,-
02068,0%,-,-,-
02070,0%,-,-,-
02090,0%,-,-,-
02100,0%,-,-,-
02105,0%,-,-,-
02110,0%,-,-,-
02122,0%,-,-,-
02130,0%,-,-,-
02150,0%,-,-,-
02164,0%,-,-,-
02170,0%,-,-,-
02180,0%,-,-,-
02185,0%,-,-,-
02188,0%,-,-,-
02195,0%,-,-,-
02198,0%,-,-,-
02220,0%,-,-,-
02230,0%,-,-,-
02240,0%,-,-,-
02261,0%,-,-,-
02270,0%,-,-,-
02275,0%,-,-,-
02282,0%,-,-,-
02290,0%,-,-,-
04001,2.83%, 51.41%, 48.59%,-
04003,15.02%, 57.28%, 42.27%, 0.45%
04005,18.79%, 59.19%, 40.40%, 0.41%
04007,1.40%, 50.60%, 49.20%, 0.19%
04009,13.18%, 43.27%, 56.45%, 0.28%
04011,15.36%, 42.08%, 57.43%, 0.49%
04012,0%,-,-,-
04013,24.61%, 62.25%, 37.64%, 0.11%
04015,21.36%, 60.33%, 38.97%, 0.70%
04017,9.99%, 54.99%, 45.01%,-
04019,14.24%, 56.94%, 42.70%, 0.36%
04021,6.94%, 53.41%, 46.46%, 0.13%
04023,2.28%, 48.78%, 51.06%, 0.16%
04025,15.68%, 57.83%, 42.15%, 0.03%
04027,18.87%, 59.43%, 40.57%,-
05001,17.49%, 41.10%, 58.59%, 0.31%
05003,27.82%, 36.02%, 63.84%, 0.14%
05005,13.64%, 42.71%, 56.36%, 0.93%
05007,15.88%, 57.29%, 41.42%, 1.29%
05009,5.06%, 47.27%, 52.33%, 0.40%
05011,53.77%, 23.11%, 76.89%,-
05013,48.69%, 25.36%, 74.06%, 0.58%
05015,6.55%, 53.05%, 46.50%, 0.45%
05017,39.24%, 30.31%, 69.55%, 0.14%
05019,33.04%, 33.37%, 66.41%, 0.22%
05021,6.68%, 46.31%, 52.99%, 0.70%
05023,19.56%, 39.81%, 59.36%, 0.83%
05025,18.34%, 40.79%, 59.13%, 0.09%
05027,47.89%, 26.03%, 73.92%, 0.04%
05029,38.91%, 30.48%, 69.39%, 0.14%
05031,4.23%, 47.55%, 51.77%, 0.68%
05033,5.57%, 47.21%, 52.79%,-
05035,68.64%, 15.68%, 84.32%,-
05037,59.50%, 20.12%, 79.63%, 0.25%
05039,34.29%, 32.73%, 67.01%, 0.26%
05041,53.07%, 23.39%, 76.47%, 0.14%
05043,48.67%, 25.56%, 74.23%, 0.20%
05045,45.50%, 27.07%, 72.57%, 0.35%
05047,26.19%, 36.53%, 62.72%, 0.76%
05049,15.29%, 42.29%, 57.58%, 0.12%
05051,1.85%, 48.94%, 50.79%, 0.27%
05053,40.78%, 29.54%, 70.32%, 0.13%
05055,16.94%, 41.27%, 58.20%, 0.53%
05057,39.33%, 30.25%, 69.58%, 0.17%
05059,5.96%, 52.86%, 46.90%, 0.23%
05061,15.98%, 41.76%, 57.74%, 0.49%
05063,13.53%, 43.10%, 56.63%, 0.26%
05065,12.86%, 43.45%, 56.30%, 0.25%
05067,37.11%, 31.24%, 68.35%, 0.40%
05069,17.55%, 41.12%, 58.67%, 0.20%
05071,25.36%, 36.93%, 62.30%, 0.77%
05073,38.96%, 30.48%, 69.45%, 0.07%
05075,21.68%, 39.03%, 60.72%, 0.25%
05077,75.06%, 12.47%, 87.53%,-
05079,70.32%, 14.79%, 85.11%, 0.10%
05081,33.38%, 33.24%, 66.62%, 0.15%
05083,14.93%, 42.42%, 57.35%, 0.23%
05085,46.57%, 26.66%, 73.23%, 0.12%
05087,23.18%, 61.33%, 38.16%, 0.51%
05089,25.15%, 37.17%, 62.32%, 0.51%
05091,20.68%, 39.51%, 60.19%, 0.31%
05093,53.92%, 22.83%, 76.75%, 0.41%
05095,34.84%, 32.54%, 67.38%, 0.08%
05097,14.58%, 56.91%, 42.33%, 0.76%
05099,13.50%, 43.16%, 56.66%, 0.18%
05101,42.16%, 70.87%, 28.70%, 0.43%
05103,20.17%, 39.92%, 60.08%,-
05105,14.56%, 42.59%, 57.14%, 0.27%
05107,61.68%, 19.08%, 80.76%, 0.16%
05109,5.46%, 47.07%, 52.53%, 0.40%
05111,32.46%, 33.60%, 66.06%, 0.34%
05113,7.93%, 53.34%, 45.41%, 1.25%
05115,27.24%, 36.11%, 63.35%, 0.53%
05117,23.87%, 37.82%, 61.69%, 0.49%
05119,30.69%, 34.55%, 65.24%, 0.21%
05121,32.50%, 33.58%, 66.08%, 0.35%
05123,37.91%, 30.82%, 68.73%, 0.45%
05125,41.49%, 29.12%, 70.60%, 0.28%
05127,21.56%, 38.85%, 60.41%, 0.75%
05129,40.03%, 69.65%, 29.62%, 0.73%
05131,4.17%, 51.84%, 47.67%, 0.49%
05133,41.22%, 29.39%, 70.61%,-
05135,23.44%, 38.24%, 61.68%, 0.08%
05137,11.28%, 43.62%, 54.90%, 1.49%
05139,31.93%, 33.95%, 65.88%, 0.17%
05141,21.48%, 39.18%, 60.66%, 0.16%
05143,13.24%, 56.26%, 43.02%, 0.72%
05145,7.99%, 45.73%, 53.73%, 0.54%
05147,43.97%, 27.95%, 71.92%, 0.12%
05149,44.26%, 27.65%, 71.91%, 0.45%
06001,31.82%, 65.42%, 33.60%, 0.98%
06003,88.46%, 94.23%, 5.77%,-
06005,11.41%, 44.12%, 55.53%, 0.36%
06007,22.62%, 60.45%, 37.83%, 1.73%
06009,8.35%, 53.79%, 45.44%, 0.77%
06011,13.30%, 56.30%, 42.99%, 0.71%
06013,22.02%, 60.38%, 38.36%, 1.26%
06015,12.46%, 55.87%, 43.41%, 0.72%
06017,10.38%, 44.25%, 54.63%, 1.12%
06019,9.98%, 54.30%, 44.32%, 1.38%
06021,30.83%, 65.03%, 34.20%, 0.76%
06023,41.39%, 69.75%, 28.37%, 1.88%
06025,36.58%, 67.61%, 31.03%, 1.36%
06027,16.41%, 57.37%, 40.96%, 1.67%
06029,26.24%, 62.67%, 36.43%, 0.90%
06031,4.30%, 51.51%, 47.21%, 1.28%
06033,32.11%, 65.37%, 33.26%, 1.36%
06035,13.81%, 56.73%, 42.92%, 0.35%
06037,41.51%, 70.22%, 28.71%, 1.07%
06039,10.68%, 54.88%, 44.21%, 0.91%
06041,15.90%, 57.44%, 41.54%, 1.02%
06043,11.66%, 55.03%, 43.37%, 1.59%
06045,28.76%, 63.39%, 34.63%, 1.98%
06047,21.69%, 60.17%, 38.48%, 1.35%
06049,13.92%, 56.75%, 42.83%, 0.42%
06051,26.12%, 61.80%, 35.67%,-
06053,26.98%, 63.12%, 36.13%, 0.75%
06055,15.62%, 57.48%, 41.86%, 0.66%
06057,5.12%, 52.00%, 46.88%, 1.12%
06059,59.60%, 79.35%, 19.75%, 0.89%
06061,0.21%, 49.25%, 49.46%, 1.29%
06063,6.36%, 45.64%, 52.00%,-
06065,56.82%, 77.94%, 21.12%, 0.94%
06067,2.64%, 50.83%, 48.19%, 0.99%
06069,18.07%, 58.87%, 40.80%, 0.33%
06071,50.61%, 74.73%, 24.13%, 1.14%
06073,35.16%, 67.14%, 31.97%, 0.89%
06075,0.33%, 49.11%, 49.44%, 1.46%
06077,23.25%, 61.10%, 37.85%, 1.05%
06079,23.42%, 60.82%, 37.40%, 1.78%
06081,18.88%, 58.87%, 39.99%, 1.14%
06083,39.95%, 69.44%, 29.49%, 1.07%
06085,28.42%, 63.81%, 35.39%, 0.79%
06087,37.99%, 68.53%, 30.54%, 0.93%
06089,6.26%, 52.20%, 45.94%, 1.86%
06091,4.17%, 51.52%, 47.35%, 1.13%
06093,12.43%, 55.49%, 43.06%, 1.45%
06095,5.80%, 52.32%, 46.51%, 1.17%
06097,20.31%, 59.71%, 39.40%, 0.90%
06099,35.52%, 67.13%, 31.61%, 1.27%
06101,8.78%, 53.98%, 45.20%, 0.82%
06103,33.69%, 65.58%, 31.89%,-
06105,1.53%, 48.85%, 47.32%,-
06107,28.67%, 63.76%, 35.09%, 1.15%
06109,11.74%, 54.80%, 43.05%,-
06111,41.24%, 70.17%, 28.92%, 0.91%
06113,14.52%, 56.96%, 42.43%, 0.61%
06115,0.79%, 50.02%, 49.23%, 0.74%
08001,27.65%, 63.10%, 35.46%, 1.44%
08003,17.21%, 58.23%, 41.01%, 0.76%
08005,41.84%, 70.29%, 28.44%, 1.27%
08007,15.09%, 56.48%, 41.39%, 2.13%
08009,58.97%, 78.48%, 19.51%, 2.01%
08011,44.82%, 72.13%, 27.31%, 0.55%
08013,36.35%, 67.48%, 31.13%, 1.39%
08014,0%,-,-,-
08015,20.57%, 59.49%, 38.92%, 1.58%
08017,30.07%, 63.85%, 33.78%, 2.36%
08019,23.88%, 61.05%, 37.17%, 1.78%
08021,7.08%, 45.24%, 52.32%, 2.44%
08023,23.47%, 37.33%, 60.80%, 1.88%
08025,32.00%, 65.42%, 33.42%, 1.16%
08027,20.71%, 58.88%, 38.17%, 0.49%
08029,37.15%, 67.32%, 30.17%, 2.51%
08031,27.85%, 63.40%, 35.55%, 1.05%
08033,15.75%, 55.92%, 40.17%, 0.72%
08035,29.25%, 64.25%, 35.00%, 0.75%
08037,27.66%, 63.18%, 35.51%, 1.31%
08039,44.13%, 71.38%, 27.25%, 1.37%
08041,51.78%, 75.28%, 23.49%, 1.23%
08043,38.63%, 68.79%, 30.16%, 1.05%
08045,21.52%, 60.03%, 38.51%, 1.45%
08047,11.62%, 55.17%, 43.54%, 1.29%
08049,25.75%, 62.15%, 36.40%, 1.45%
08051,12.17%, 55.21%, 43.04%, 1.74%
08053,9.24%, 53.78%, 44.54%, 1.68%
08055,1.25%, 49.15%, 50.40%, 0.45%
08057,22.82%, 60.21%, 37.39%, 2.40%
08059,39.63%, 69.09%, 29.46%, 1.44%
08061,37.36%, 67.59%, 30.23%, 2.18%
08063,36.56%, 67.37%, 30.81%, 1.82%
08065,18.59%, 40.10%, 58.69%, 1.22%
08067,20.26%, 59.58%, 39.31%, 1.11%
08069,43.27%, 70.94%, 27.66%, 1.40%
08071,9.10%, 44.74%, 53.85%, 1.41%
08073,40.03%, 69.11%, 29.09%, 1.80%
08075,45.30%, 71.92%, 26.62%, 1.46%
08077,32.88%, 65.76%, 32.88%, 1.36%
08079,12.29%, 41.14%, 53.43%,-
08081,30.50%, 64.56%, 34.05%, 1.39%
08083,26.47%, 62.37%, 35.91%, 1.72%
08085,36.90%, 67.27%, 30.37%, 2.36%
08087,53.58%, 76.10%, 22.52%, 1.38%
08089,50.61%, 74.88%, 24.27%, 0.85%
08091,5.39%, 51.49%, 46.10%, 2.41%
08093,27.25%, 62.82%, 35.57%, 1.61%
08095,33.26%, 65.16%, 31.90%, 0.45%
08097,3.26%, 50.95%, 47.69%, 1.37%
08099,44.56%, 71.50%, 26.93%, 1.57%
08101,32.36%, 65.65%, 33.29%, 1.06%
08103,32.83%, 65.50%, 32.67%, 1.83%
08105,29.20%, 64.03%, 34.83%, 1.14%
08107,16.41%, 57.36%, 40.95%, 1.69%
08109,26.75%, 62.62%, 35.87%, 1.51%
08111,21.31%, 37.13%, 58.45%, 0.80%
08113,12.72%, 54.91%, 42.19%, 2.89%
08115,36.11%, 67.51%, 31.40%, 1.08%
08117,8.22%, 53.16%, 44.93%, 1.91%
08119,6.46%, 52.04%, 45.58%, 2.37%
08121,42.06%, 69.99%, 27.94%, 2.07%
08123,40.36%, 69.58%, 29.22%, 1.20%
08125,40.98%, 69.07%, 28.09%, 2.84%
09001,12.44%, 55.81%, 43.37%, 0.82%
09003,7.14%, 53.16%, 46.02%, 0.82%
09005,27.91%, 63.73%, 35.81%, 0.46%
09007,20.45%, 59.92%, 39.47%, 0.61%
09009,1.03%, 49.05%, 50.08%, 0.87%
09011,13.38%, 56.30%, 42.93%, 0.77%
09013,20.64%, 59.74%, 39.10%, 1.16%
09015,3.03%, 51.35%, 48.31%, 0.34%
10001,18.51%, 59.16%, 40.65%, 0.19%
10003,35.76%, 67.66%, 31.90%, 0.44%
10005,28.46%, 64.10%, 35.64%, 0.27%
11001,0%,-,-,-
12001,2.83%, 2.35%, 35.01%,-
12003,46.47%, 72.38%, 25.91%, 1.71%
12005,9.82%, 44.27%, 54.09%, 1.64%
12007,11.88%, 43.73%, 55.61%, 0.66%
12009,26.04%, 62.12%, 36.08%, 1.80%
12011,29.19%, 63.63%, 34.45%, 1.92%
12013,27.23%, 35.02%, 62.24%, 0.68%
12015,14.29%, 55.73%, 41.45%, 2.82%
12017,23.26%, 37.77%, 61.03%, 1.20%
12019,45.96%, 72.05%, 26.09%, 1.85%
12021,25.74%, 37.01%, 62.75%, 0.25%
12023,50.00%, 24.36%, 74.36%, 1.28%
12027,29.38%, 64.04%, 34.66%, 1.30%
12029,15.03%, 57.52%, 42.48%,-
12031,28.49%, 63.39%, 34.91%, 1.70%
12033,8.05%, 53.32%, 45.27%, 1.42%
12035,18.96%, 58.14%, 39.18%, 2.68%
12037,11.01%, 44.30%, 55.31%, 0.40%
12039,54.03%, 22.31%, 76.34%, 1.35%
12041,48.55%, 22.73%, 71.27%, 0.55%
12043,8.12%, 53.73%, 45.62%, 0.65%
12045,26.68%, 34.98%, 61.66%, 3.36%
12047,57.86%, 16.83%, 74.70%, 1.11%
12049,42.33%, 70.06%, 27.73%, 2.22%
12051,11.41%, 54.18%, 42.77%, 3.05%
12053,2.89%, 47.79%, 50.69%, 1.52%
12055,34.57%, 66.52%, 31.95%, 1.53%
12057,7.74%, 52.98%, 45.24%, 1.77%
12059,50.23%, 74.44%, 24.21%, 1.35%
12061,12.48%, 55.61%, 43.14%, 1.25%
12063,28.33%, 35.43%, 63.76%, 0.81%
12065,58.86%, 20.22%, 79.09%, 0.69%
12067,52.17%, 23.48%, 75.65%, 0.87%
12069,38.42%, 68.08%, 29.66%, 2.25%
12071,27.75%, 63.17%, 35.42%, 1.41%
12073,49.35%, 24.72%, 74.07%, 1.22%
12075,5.59%, 46.23%, 51.82%, 1.95%
12077,21.07%, 39.20%, 60.27%, 0.53%
12079,48.60%, 25.70%, 74.30%,-
12081,29.11%, 63.87%, 34.76%, 1.37%
12083,1.65%, 49.75%, 48.10%, 2.14%
12085,18.91%, 58.05%, 39.14%, 2.81%
12086,21.71%, 60.15%, 38.44%, 1.41%
12087,24.48%, 36.93%, 61.42%, 1.65%
12089,31.55%, 65.13%, 33.58%, 1.28%
12091,46.30%, 72.70%, 26.40%, 0.89%
12093,38.78%, 68.87%, 30.08%, 1.05%
12095,41.95%, 70.04%, 28.08%, 1.88%
12097,21.67%, 60.25%, 38.58%, 1.16%
12099,32.08%, 64.23%, 32.15%, 1.48%
12101,9.65%, 54.26%, 44.61%, 1.13%
12103,50.22%, 74.52%, 24.30%, 1.18%
12105,23.28%, 60.23%, 36.94%, 2.83%
12107,28.40%, 63.01%, 34.60%, 2.39%
12109,25.86%, 36.65%, 62.50%, 0.85%
12111,13.76%, 55.88%, 42.13%, 1.99%
12113,49.39%, 73.97%, 24.58%, 1.45%
12115,14.86%, 56.46%, 41.60%, 1.94%
12117,19.80%, 58.89%, 39.10%, 2.01%
12119,11.73%, 55.60%, 43.87%, 0.53%
12121,35.55%, 31.68%, 67.22%, 1.10%
12123,22.42%, 38.05%, 60.47%, 1.47%
12125,47.31%, 25.69%, 73.00%, 1.31%
12127,36.76%, 67.78%, 31.03%, 1.19%
12129,74.54%, 12.18%, 86.72%, 1.11%
12131,23.59%, 61.36%, 37.77%, 0.87%
12133,41.74%, 69.72%, 27.98%, 2.29%
13001,16.50%, 58.25%, 41.75%,-
13003,48.62%, 25.69%, 74.31%,-
13005,20.08%, 39.96%, 60.04%,-
13007,64.71%, 17.65%, 82.35%,-
13009,45.01%, 27.49%, 72.51%,-
13011,7.52%, 46.24%, 53.76%,-
13013,17.63%, 58.81%, 41.19%,-
13015,0.48%, 50.24%, 49.76%,-
13017,37.24%, 31.38%, 68.62%,-
13019,75.00%, 12.50%, 87.50%,-
13021,4.83%, 47.58%, 52.42%,-
13023,80.06%, 9.97%, 90.03%,-
13025,1.78%, 50.89%, 49.11%,-
13027,60.08%, 19.96%, 80.04%,-
13029,18.38%, 40.81%, 59.19%,-
13031,52.95%, 23.53%, 76.47%,-
13033,45.09%, 27.46%, 72.54%,-
13035,70.22%, 14.89%, 85.11%,-
13037,72.51%, 13.75%, 86.25%,-
13039,1.29%, 49.35%, 50.65%,-
13043,51.10%, 24.45%, 75.55%,-
13045,4.94%, 52.47%, 47.53%,-
13047,3.68%, 51.84%, 48.16%,-
13049,44.35%, 27.83%, 72.17%,-
13051,2.27%, 48.86%, 51.14%,-
13053,77.36%, 11.32%, 88.68%,-
13055,8.73%, 54.37%, 45.63%,-
13057,48.58%, 74.29%, 25.71%,-
13059,32.05%, 33.97%, 66.03%,-
13061,75.70%, 12.15%, 87.85%,-
13063,0.57%, 50.28%, 49.72%,-
13065,66.74%, 16.63%, 83.37%,-
13067,9.09%, 54.54%, 45.46%,-
13069,33.11%, 33.45%, 66.55%,-
13071,9.85%, 45.07%, 54.93%,-
13073,8.77%, 45.61%, 54.39%,-
13075,48.81%, 25.59%, 74.41%,-
13077,75.70%, 12.15%, 87.85%,-
13079,76.35%, 11.82%, 88.18%,-
13081,13.08%, 43.46%, 56.54%,-
13083,16.01%, 42.00%, 58.00%,-
13085,6.75%, 46.62%, 53.38%,-
13087,22.33%, 61.16%, 38.84%,-
13089,1.82%, 50.91%, 49.09%,-
13091,42.53%, 28.74%, 71.26%,-
13093,65.33%, 17.33%, 82.67%,-
13095,44.31%, 27.85%, 72.15%,-
13097,14.56%, 57.28%, 42.72%,-
13099,48.95%, 25.52%, 74.48%,-
13101,83.09%, 8.45%, 91.55%,-
13103,58.73%, 79.37%, 20.63%,-
13105,6.10%, 46.95%, 53.05%,-
13107,50.38%, 24.81%, 75.19%,-
13109,43.61%, 28.19%, 71.81%,-
13111,36.17%, 68.08%, 31.92%,-
13113,31.78%, 34.11%, 65.89%,-
13115,7.32%, 53.66%, 46.34%,-
13117,52.99%, 76.49%, 23.51%,-
13119,1.97%, 50.99%, 49.01%,-
13121,2.72%, 51.36%, 48.64%,-
13123,31.34%, 65.67%, 34.33%,-
13125,29.31%, 64.66%, 35.34%,-
13127,18.55%, 59.27%, 40.73%,-
13129,16.81%, 58.40%, 41.60%,-
13131,45.50%, 27.25%, 72.75%,-
13133,43.81%, 28.10%, 71.90%,-
13135,4.53%, 52.26%, 47.74%,-
13137,11.92%, 55.96%, 44.04%,-
13139,1.61%, 50.81%, 49.19%,-
13141,64.78%, 17.61%, 82.39%,-
13143,38.31%, 69.16%, 30.84%,-
13145,58.56%, 20.72%, 79.28%,-
13147,20.76%, 39.62%, 60.38%,-
13149,11.66%, 44.17%, 55.83%,-
13151,35.89%, 32.06%, 67.94%,-
13153,55.66%, 22.17%, 77.83%,-
13155,69.97%, 15.01%, 84.99%,-
13157,2.44%, 48.78%, 51.22%,-
13159,63.73%, 18.13%, 81.87%,-
13161,27.27%, 36.36%, 63.64%,-
13163,13.96%, 56.98%, 43.02%,-
13165,10.39%, 44.80%, 55.20%,-
13167,37.99%, 31.00%, 69.00%,-
13169,61.09%, 19.46%, 80.54%,-
13171,68.42%, 15.79%, 84.21%,-
13173,37.41%, 31.29%, 68.71%,-
13175,61.74%, 19.13%, 80.87%,-
13177,72.89%, 13.55%, 86.45%,-
13179,0.50%, 50.25%, 49.75%,-
13181,3.73%, 48.14%, 51.86%,-
13183,41.45%, 70.72%, 29.28%,-
13185,40.67%, 29.67%, 70.33%,-
13187,19.02%, 40.49%, 59.51%,-
13189,11.24%, 55.62%, 44.38%,-
13191,12.15%, 56.07%, 43.93%,-
13193,52.09%, 23.96%, 76.04%,-
13195,5.29%, 52.65%, 47.35%,-
13197,52.40%, 23.80%, 76.20%,-
13199,68.15%, 15.93%, 84.07%,-
13201,52.25%, 23.88%, 76.12%,-
13205,80.95%, 9.53%, 90.47%,-
13207,41.77%, 29.12%, 70.88%,-
13209,54.94%, 22.53%, 77.47%,-
13211,58.85%, 20.57%, 79.43%,-
13213,5.94%, 52.97%, 47.03%,-
13215,14.27%, 42.86%, 57.14%,-
13217,11.14%, 44.43%, 55.57%,-
13219,6.83%, 46.58%, 53.42%,-
13221,59.72%, 20.14%, 79.86%,-
13223,30.69%, 65.34%, 34.66%,-
13225,46.67%, 26.67%, 73.33%,-
13227,41.68%, 70.84%, 29.16%,-
13229,29.46%, 35.27%, 64.73%,-
13231,50.00%, 25.00%, 75.00%,-
13233,24.53%, 62.27%, 37.73%,-
13235,71.77%, 14.11%, 85.89%,-
13237,84.57%, 7.71%, 92.29%,-
13239,61.86%, 19.07%, 80.93%,-
13241,31.70%, 34.15%, 65.85%,-
13243,63.88%, 18.06%, 81.94%,-
13245,41.97%, 70.99%, 29.01%,-
13247,50.32%, 24.84%, 75.16%,-
13249,61.98%, 19.01%, 80.99%,-
13251,40.36%, 70.18%, 29.82%,-
13253,54.26%, 22.87%, 77.13%,-
13255,61.60%, 19.20%, 80.80%,-
13257,23.73%, 38.14%, 61.86%,-
13259,78.54%, 10.73%, 89.27%,-
13261,61.59%, 19.20%, 80.80%,-
13263,75.74%, 12.13%, 87.87%,-
13265,76.98%, 11.51%, 88.49%,-
13267,26.46%, 63.23%, 36.77%,-
13269,25.13%, 37.43%, 62.57%,-
13271,72.21%, 13.90%, 86.10%,-
13273,77.10%, 11.45%, 88.55%,-
13275,20.74%, 39.63%, 60.37%,-
13277,18.04%, 40.98%, 59.02%,-
13279,5.49%, 47.26%, 52.74%,-
13281,24.75%, 62.37%, 37.63%,-
13283,71.93%, 14.04%, 85.96%,-
13285,23.38%, 38.31%, 61.69%,-
13287,23.19%, 61.59%, 38.41%,-
13289,77.05%, 11.47%, 88.53%,-
13291,64.36%, 82.18%, 17.82%,-
13293,53.08%, 23.46%, 76.54%,-
13295,25.82%, 62.91%, 37.09%,-
13297,45.61%, 27.20%, 72.80%,-
13299,2.79%, 48.60%, 51.40%,-
13301,1.59%, 50.80%, 49.20%,-
13303,41.51%, 29.24%, 70.76%,-
13305,8.32%, 45.84%, 54.16%,-
13307,48.09%, 25.96%, 74.04%,-
13309,51.09%, 24.46%, 75.54%,-
13311,34.92%, 67.46%, 32.54%,-
13313,17.69%, 58.84%, 41.16%,-
13315,36.00%, 32.00%, 68.00%,-
13317,3.30%, 51.65%, 48.35%,-
13319,36.41%, 31.79%, 68.21%,-
13321,50.87%, 24.56%, 75.44%,-
15001,0%,-,-,-
15003,0%,-,-,-
15005,0%,-,-,-
15007,0%,-,-,-
15009,0%,-,-,-
16001,44.44%, 71.84%, 27.40%, 0.75%
16003,16.24%, 57.57%, 41.33%, 1.10%
16005,6.98%, 53.22%, 46.24%, 0.54%
16007,22.20%, 60.98%, 38.78%, 0.24%
16009,16.47%, 57.44%, 40.98%, 1.58%
16011,28.96%, 64.27%, 35.31%, 0.42%
16013,4.22%, 51.96%, 47.74%, 0.31%
16015,14.36%, 56.69%, 42.33%, 0.98%
16017,27.81%, 63.24%, 35.43%, 1.33%
16019,20.76%, 60.31%, 39.54%, 0.15%
16021,24.79%, 61.66%, 36.88%, 1.46%
16023,24.09%, 61.86%, 37.77%, 0.38%
16025,28.02%, 63.25%, 35.22%, 1.53%
16027,53.08%, 75.82%, 22.74%, 1.45%
16029,23.50%, 61.49%, 37.99%, 0.52%
16031,40.98%, 70.19%, 29.22%, 0.59%
16033,50.00%, 74.90%, 24.90%, 0.19%
16035,16.54%, 57.62%, 41.08%, 1.30%
16037,11.19%, 55.25%, 44.06%, 0.68%
16039,20.56%, 59.94%, 39.37%, 0.69%
16041,17.94%, 58.71%, 40.77%, 0.51%
16043,7.16%, 46.26%, 53.41%, 0.33%
16045,43.31%, 71.01%, 27.70%, 1.29%
16047,38.34%, 68.87%, 30.53%, 0.60%
16049,11.10%, 55.06%, 43.97%, 0.97%
16051,10.60%, 55.18%, 44.58%, 0.23%
16053,45.60%, 72.41%, 26.81%, 0.78%
16055,41.51%, 69.90%, 28.39%, 1.70%
16057,44.84%, 71.84%, 27.00%, 1.16%
16059,15.15%, 57.12%, 41.98%, 0.90%
16061,17.97%, 58.35%, 40.38%, 1.27%
16063,41.32%, 70.50%, 29.18%, 0.33%
16065,15.24%, 57.59%, 42.34%, 0.07%
16067,23.36%, 61.15%, 37.78%, 1.07%
16069,22.86%, 61.02%, 38.15%, 0.83%
16071,7.42%, 53.55%, 46.13%, 0.32%
16073,26.08%, 62.20%, 36.11%, 1.69%
16075,54.74%, 76.23%, 21.49%,-
16077,13.20%, 56.50%, 43.30%, 0.20%
16079,19.91%, 59.64%, 39.73%, 0.64%
16081,36.72%, 68.27%, 31.55%, 0.18%
16083,46.26%, 72.72%, 26.46%, 0.81%
16085,30.71%, 64.77%, 34.06%, 1.17%
16087,33.61%, 66.39%, 32.77%, 0.84%
17001,8.16%, 53.59%, 45.42%, 0.99%
17003,22.78%, 61.24%, 38.46%, 0.30%
17005,28.67%, 64.06%, 35.39%, 0.55%
17007,62.34%, 80.95%, 18.60%, 0.45%
17009,10.13%, 54.96%, 44.83%, 0.22%
17011,27.97%, 63.73%, 35.77%, 0.50%
17013,1.35%, 50.16%, 48.80%, 1.04%
17015,53.23%, 76.34%, 23.11%, 0.55%
17017,7.31%, 53.50%, 46.18%, 0.32%
17019,37.05%, 68.28%, 31.23%, 0.49%
17021,14.63%, 56.77%, 42.14%, 1.09%
17023,21.65%, 60.64%, 38.99%, 0.38%
17025,30.32%, 65.16%, 34.84%,-
17027,37.99%, 30.77%, 68.76%, 0.48%
17029,38.59%, 69.12%, 30.54%, 0.34%
17031,6.22%, 52.73%, 46.51%, 0.77%
17033,26.19%, 62.90%, 36.70%, 0.40%
17035,26.62%, 63.04%, 36.42%, 0.54%
17037,48.77%, 74.19%, 25.41%, 0.40%
17039,39.47%, 69.40%, 29.93%, 0.67%
17041,36.97%, 68.19%, 31.22%, 0.59%
17043,45.30%, 72.37%, 27.07%, 0.56%
17045,16.95%, 58.27%, 41.32%, 0.40%
17047,49.95%, 74.78%, 24.83%, 0.39%
17049,4.35%, 47.26%, 51.61%, 1.13%
17051,23.99%, 61.65%, 37.66%, 0.69%
17053,37.83%, 68.72%, 30.88%, 0.40%
17055,6.79%, 45.79%, 52.58%, 1.63%
17057,22.68%, 59.95%, 37.28%, 0.20%
17059,7.80%, 45.78%, 53.58%, 0.64%
17061,2.65%, 51.05%, 48.40%, 0.55%
17063,23.44%, 61.54%, 38.11%, 0.35%
17065,3.71%, 51.08%, 47.36%, 1.56%
17067,17.67%, 58.65%, 40.99%, 0.36%
17069,30.20%, 64.35%, 34.15%, 1.50%
17071,43.01%, 71.11%, 28.10%, 0.79%
17073,42.54%, 70.83%, 28.29%, 0.88%
17075,21.78%, 60.71%, 38.94%, 0.35%
17077,22.14%, 60.79%, 38.64%, 0.57%
17079,2.33%, 51.04%, 48.71%, 0.26%
17081,10.68%, 55.08%, 44.40%, 0.53%
17083,9.49%, 54.62%, 45.13%, 0.26%
17085,24.09%, 61.59%, 37.50%, 0.91%
17087,42.26%, 70.69%, 28.43%, 0.88%
17089,40.33%, 69.94%, 29.60%, 0.46%
17091,7.44%, 53.44%, 45.99%, 0.57%
17093,51.24%, 75.53%, 24.28%, 0.19%
17095,45.49%, 72.33%, 26.84%, 0.83%
17097,36.78%, 67.73%, 30.95%, 1.32%
17099,7.15%, 53.15%, 46.00%, 0.84%
17101,21.03%, 60.16%, 39.13%, 0.71%
17103,34.61%, 67.14%, 32.53%, 0.33%
17105,31.92%, 65.68%, 33.76%, 0.55%
17107,20.53%, 59.97%, 39.44%, 0.59%
17109,36.91%, 68.15%, 31.24%, 0.62%
17111,31.04%, 65.33%, 34.29%, 0.38%
17113,31.58%, 65.37%, 33.79%, 0.84%
17115,42.02%, 70.68%, 28.66%, 0.66%
17117,2.63%, 47.68%, 50.32%, 2.00%
17119,8.34%, 53.48%, 45.14%, 1.37%
17121,21.84%, 60.52%, 38.69%, 0.79%
17123,17.49%, 58.69%, 41.19%, 0.12%
17125,9.83%, 54.78%, 44.95%, 0.26%
17127,46.31%, 72.87%, 26.56%, 0.58%
17129,29.87%, 64.54%, 34.67%, 0.80%
17131,41.91%, 70.59%, 28.69%, 0.72%
17133,3.76%, 48.03%, 51.79%, 0.18%
17135,9.70%, 54.29%, 44.60%, 1.11%
17137,27.34%, 63.52%, 36.18%, 0.31%
17139,20.81%, 60.31%, 39.50%, 0.18%
17141,56.73%, 78.18%, 21.45%, 0.37%
17143,14.34%, 56.50%, 42.16%, 1.35%
17145,4.02%, 47.47%, 51.49%, 1.03%
17147,39.74%, 69.62%, 29.88%, 0.50%
17149,24.89%, 61.88%, 36.99%, 1.14%
17151,48.97%, 74.06%, 25.09%, 0.85%
17153,31.28%, 65.18%, 33.90%, 0.92%
17155,22.82%, 61.10%, 38.28%, 0.62%
17157,4.23%, 47.46%, 51.69%, 0.85%
17159,22.53%, 61.03%, 38.50%, 0.47%
17161,30.91%, 65.22%, 34.31%, 0.47%
17163,7.86%, 45.60%, 53.46%, 0.94%
17165,8.50%, 53.82%, 45.32%, 0.87%
17167,20.52%, 59.99%, 39.47%, 0.54%
17169,8.41%, 54.00%, 45.59%, 0.41%
17171,20.08%, 59.96%, 39.88%, 0.16%
17173,27.26%, 62.58%, 35.31%,-
17175,38.67%, 69.09%, 30.42%, 0.49%
17177,36.35%, 67.97%, 31.62%, 0.41%
17179,15.07%, 56.73%, 41.66%, 1.61%
17181,10.58%, 44.52%, 55.10%, 0.39%
17183,25.60%, 62.26%, 36.66%, 1.07%
17185,24.84%, 37.26%, 62.10%, 0.64%
17187,48.67%, 73.61%, 24.93%, 1.46%
17189,12.14%, 55.90%, 43.76%, 0.34%
17191,24.88%, 62.04%, 37.16%, 0.80%
17193,6.49%, 53.01%, 46.53%, 0.46%
17195,53.59%, 76.60%, 23.01%, 0.39%
17197,10.98%, 55.02%, 44.04%, 0.94%
17199,3.63%, 51.21%, 47.58%, 1.21%
17201,61.81%, 80.39%, 18.57%, 1.04%
17203,21.46%, 60.30%, 38.84%, 0.86%
18001,0.26%, 49.70%, 49.96%, 0.34%
18003,13.08%, 56.38%, 43.30%, 0.32%
18005,16.23%, 57.76%, 41.53%, 0.71%
18007,17.23%, 58.37%, 41.14%, 0.49%
18009,19.97%, 59.35%, 39.38%, 1.27%
18011,18.44%, 58.81%, 40.37%, 0.82%
18013,2.02%, 48.51%, 50.53%, 0.96%
18015,19.91%, 59.54%, 39.64%, 0.82%
18017,23.31%, 61.31%, 38.00%, 0.69%
18019,13.04%, 56.39%, 43.35%, 0.25%
18021,13.80%, 56.19%, 42.39%, 1.42%
18023,12.57%, 55.89%, 43.31%, 0.80%
18025,15.87%, 57.39%, 41.52%, 1.10%
18027,14.29%, 56.73%, 42.45%, 0.82%
18029,17.31%, 58.49%, 41.18%, 0.33%
18031,17.40%, 58.40%, 41.00%, 0.59%
18033,28.63%, 64.04%, 35.41%, 0.56%
18035,38.06%, 68.79%, 30.72%, 0.49%
18037,29.23%, 35.18%, 64.41%, 0.42%
18039,50.05%, 74.76%, 24.71%, 0.53%
18041,25.79%, 62.63%, 36.84%, 0.53%
18043,17.56%, 58.49%, 40.93%, 0.58%
18045,11.95%, 55.60%, 43.65%, 0.75%
18047,5.39%, 47.19%, 52.58%, 0.23%
18049,23.05%, 61.09%, 38.04%, 0.87%
18051,15.81%, 57.07%, 41.25%, 1.68%
18053,33.25%, 65.98%, 32.74%, 1.28%
18055,17.50%, 57.81%, 40.31%, 1.88%
18057,37.35%, 68.36%, 31.01%, 0.64%
18059,13.71%, 56.49%, 42.78%, 0.73%
18061,9.51%, 54.43%, 44.91%, 0.66%
18063,30.17%, 64.79%, 34.61%, 0.60%
18065,38.81%, 68.53%, 29.72%, 1.75%
18067,35.49%, 66.89%, 31.40%, 1.71%
18069,18.71%, 58.88%, 40.17%, 0.96%
18071,0.20%, 49.78%, 49.58%, 0.64%
18073,31.67%, 65.65%, 33.98%, 0.37%
18075,11.43%, 55.31%, 43.89%, 0.80%
18077,15.01%, 57.24%, 42.22%, 0.54%
18079,21.91%, 60.76%, 38.85%, 0.39%
18081,9.51%, 54.30%, 44.80%, 0.90%
18083,0.98%, 49.92%, 48.93%, 1.15%
18085,27.23%, 63.18%, 35.95%, 0.87%
18087,29.47%, 64.40%, 34.93%, 0.67%
18089,20.13%, 59.68%, 39.55%, 0.77%
18091,22.88%, 61.32%, 38.44%, 0.24%
18093,37.80%, 68.70%, 30.90%, 0.40%
18095,29.56%, 64.45%, 34.89%, 0.66%
18097,19.73%, 59.55%, 39.82%, 0.63%
18099,21.11%, 60.24%, 39.13%, 0.63%
18101,4.34%, 51.88%, 47.54%, 0.57%
18103,19.40%, 59.19%, 39.80%, 1.01%
18105,34.44%, 67.00%, 32.56%, 0.44%
18107,28.05%, 63.69%, 35.64%, 0.66%
18109,16.18%, 57.76%, 41.58%, 0.67%
18111,29.65%, 64.48%, 34.83%, 0.70%
18113,20.09%, 59.76%, 39.67%, 0.57%
18115,14.81%, 57.10%, 42.29%, 0.60%
18117,23.97%, 61.77%, 37.79%, 0.44%
18119,11.17%, 55.03%, 43.86%, 1.11%
18121,19.60%, 59.25%, 39.66%, 1.09%
18123,0.13%, 49.89%, 50.02%, 0.09%
18125,10.18%, 54.61%, 44.43%, 0.96%
18127,41.49%, 70.44%, 28.95%, 0.61%
18129,4.05%, 51.80%, 47.74%, 0.46%
18131,14.39%, 56.43%, 42.04%, 1.53%
18133,12.23%, 55.72%, 43.50%, 0.78%
18135,43.50%, 71.32%, 27.82%, 0.86%
18137,7.09%, 53.39%, 46.30%, 0.32%
18139,37.52%, 68.38%, 30.85%, 0.77%
18141,15.62%, 57.56%, 41.94%, 0.49%
18143,5.88%, 52.68%, 46.80%, 0.52%
18145,12.89%, 56.14%, 43.24%, 0.62%
18147,5.88%, 52.83%, 46.95%, 0.23%
18149,15.44%, 57.32%, 41.89%, 0.79%
18151,43.52%, 71.35%, 27.83%, 0.82%
18153,4.59%, 51.09%, 46.50%, 2.41%
18155,18.19%, 58.62%, 40.43%, 0.94%
18157,26.88%, 63.25%, 36.37%, 0.39%
18159,19.73%, 59.30%, 39.58%, 1.12%
18161,32.41%, 65.99%, 33.57%, 0.44%
18163,19.26%, 59.44%, 40.17%, 0.39%
18165,3.95%, 51.41%, 47.46%, 1.14%
18167,10.61%, 54.71%, 44.10%, 1.18%
18169,37.30%, 68.25%, 30.96%, 0.79%
18171,37.76%, 68.57%, 30.81%, 0.62%
18173,10.10%, 54.12%, 44.02%, 1.86%
18175,4.29%, 51.96%, 47.66%, 0.38%
18177,35.55%, 67.52%, 31.98%, 0.50%
18179,1.23%, 48.93%, 50.16%, 0.91%
18181,20.57%, 60.01%, 39.44%, 0.56%
18183,15.57%, 57.43%, 41.86%, 0.71%
19001,38.34%, 68.95%, 30.61%, 0.45%
19003,33.02%, 66.04%, 33.02%, 0.94%
19005,19.35%, 59.43%, 40.08%, 0.48%
19007,34.26%, 66.72%, 32.47%, 0.81%
19009,0.51%, 49.44%, 49.95%, 0.61%
19011,26.11%, 62.68%, 36.56%, 0.76%
19013,39.09%, 69.35%, 30.25%, 0.40%
19015,41.63%, 70.01%, 28.38%, 1.60%
19017,10.41%, 55.08%, 44.67%, 0.26%
19019,30.94%, 65.36%, 34.42%, 0.22%
19021,31.89%, 65.47%, 33.58%, 0.95%
19023,43.49%, 71.50%, 28.01%, 0.49%
19025,21.19%, 60.24%, 39.05%, 0.71%
19027,20.85%, 39.47%, 60.32%, 0.21%
19029,39.48%, 69.43%, 29.95%, 0.62%
19031,31.54%, 65.49%, 33.94%, 0.57%
19033,32.09%, 65.78%, 33.69%, 0.53%
19035,18.21%, 58.91%, 40.71%, 0.38%
19037,0.64%, 50.20%, 49.57%, 0.23%
19039,25.35%, 61.92%, 36.57%, 1.51%
19041,31.59%, 65.51%, 33.92%, 0.58%
19043,23.01%, 61.28%, 38.28%, 0.44%
19045,17.40%, 58.57%, 41.17%, 0.26%
19047,13.27%, 43.05%, 56.32%, 0.63%
19049,40.02%, 69.73%, 29.71%, 0.55%
19051,9.47%, 54.52%, 45.04%, 0.44%
19053,18.98%, 59.06%, 40.07%, 0.87%
19055,27.76%, 63.74%, 35.99%, 0.27%
19057,30.48%, 64.70%, 34.22%, 1.09%
19059,41.58%, 70.57%, 28.99%, 0.44%
19061,33.12%, 33.30%, 66.42%, 0.28%
19063,40.22%, 70.11%, 29.89%,-
19065,34.19%, 66.66%, 32.46%, 0.88%
19067,46.20%, 72.80%, 26.61%, 0.59%
19069,33.23%, 65.54%, 32.31%, 2.14%
19071,12.00%, 55.71%, 43.70%, 0.59%
19073,36.17%, 67.84%, 31.67%, 0.49%
19075,38.57%, 69.03%, 30.46%, 0.51%
19077,36.07%, 67.84%, 31.77%, 0.38%
19079,16.63%, 58.01%, 41.38%, 0.61%
19081,23.18%, 61.12%, 37.94%, 0.94%
19083,41.20%, 70.32%, 29.12%, 0.56%
19085,11.94%, 55.79%, 43.86%, 0.35%
19087,42.69%, 70.90%, 28.21%, 0.89%
19089,2.76%, 51.18%, 48.42%, 0.39%
19091,25.40%, 62.52%, 37.12%, 0.35%
19093,6.67%, 52.77%, 46.10%, 1.13%
19095,14.12%, 56.85%, 42.73%, 0.42%
19097,11.89%, 55.73%, 43.84%, 0.43%
19099,40.33%, 69.76%, 29.42%, 0.82%
19101,38.74%, 69.05%, 30.31%, 0.65%
19103,0.74%, 50.27%, 49.53%, 0.20%
19105,26.10%, 62.83%, 36.74%, 0.43%
19107,16.82%, 58.23%, 41.41%, 0.35%
19109,1.47%, 50.36%, 48.90%, 0.74%
19111,19.84%, 59.86%, 40.02%, 0.13%
19113,36.83%, 68.24%, 31.41%, 0.35%
19115,38.19%, 68.80%, 30.61%, 0.59%
19117,33.31%, 66.01%, 32.70%, 1.28%
19119,31.79%, 65.52%, 33.73%, 0.74%
19121,33.14%, 66.15%, 33.02%, 0.83%
19123,39.08%, 69.09%, 30.00%, 0.91%
19125,20.14%, 59.36%, 39.22%, 1.42%
19127,46.45%, 72.90%, 26.45%, 0.64%
19129,22.19%, 60.86%, 38.68%, 0.46%
19131,20.78%, 59.90%, 39.12%, 0.98%
19133,13.72%, 56.55%, 42.82%, 0.63%
19135,17.78%, 58.16%, 40.38%, 1.46%
19137,42.25%, 70.81%, 28.56%, 0.63%
19139,35.66%, 67.45%, 31.79%, 0.77%
19141,33.54%, 66.39%, 32.84%, 0.77%
19143,14.08%, 56.69%, 42.60%, 0.71%
19145,48.03%, 73.34%, 25.31%, 1.36%
19147,9.76%, 54.49%, 44.74%, 0.77%
19149,1.69%, 48.98%, 50.67%, 0.34%
19151,8.06%, 53.75%, 45.70%, 0.55%
19153,36.10%, 67.65%, 31.55%, 0.80%
19155,18.26%, 58.91%, 40.65%, 0.45%
19157,29.75%, 63.95%, 34.20%, 1.85%
19159,39.80%, 69.57%, 29.77%, 0.66%
19161,29.59%, 64.48%, 34.89%, 0.62%
19163,13.41%, 56.47%, 43.06%, 0.47%
19165,2.05%, 48.85%, 50.90%, 0.25%
19167,38.27%, 68.97%, 30.70%, 0.34%
19169,52.98%, 75.72%, 22.75%, 1.53%
19171,7.58%, 53.58%, 45.99%, 0.43%
19173,38.37%, 68.68%, 30.31%, 1.01%
19175,34.15%, 66.71%, 32.56%, 0.74%
19177,33.36%, 66.45%, 33.09%, 0.46%
19179,33.05%, 66.10%, 33.05%, 0.85%
19181,40.25%, 69.74%, 29.50%, 0.76%
19183,36.54%, 68.04%, 31.50%, 0.46%
19185,20.25%, 59.46%, 39.21%, 1.34%
19187,13.41%, 56.39%, 42.97%, 0.64%
19189,43.84%, 70.09%, 26.25%, 0.19%
19191,5.66%, 52.46%, 46.79%, 0.75%
19193,9.99%, 54.78%, 44.78%, 0.44%
19195,37.28%, 67.60%, 30.32%, 2.08%
19197,32.41%, 65.79%, 33.38%, 0.83%
20001,57.22%, 78.30%, 21.09%, 0.61%
20003,30.77%, 64.94%, 34.17%, 0.89%
20005,27.69%, 63.67%, 35.98%, 0.35%
20007,54.12%, 76.43%, 22.31%, 1.26%
20009,28.18%, 63.94%, 35.75%, 0.31%
20011,52.62%, 75.88%, 23.26%, 0.86%
20013,53.77%, 76.77%, 23.00%, 0.23%
20015,59.64%, 79.43%, 19.79%, 0.79%
20017,46.92%, 72.79%, 25.88%, 1.33%
20019,54.25%, 75.97%, 21.71%, 0.16%
20021,35.73%, 66.20%, 30.47%,-
20023,41.79%, 69.61%, 27.83%, 0.05%
20025,53.26%, 76.41%, 23.15%, 0.44%
20027,48.68%, 73.74%, 25.07%, 1.19%
20029,37.57%, 68.25%, 30.68%, 1.07%
20031,48.07%, 73.81%, 25.74%, 0.46%
20033,60.16%, 79.98%, 19.81%, 0.21%
20035,62.86%, 80.79%, 17.93%, 1.28%
20037,26.31%, 62.31%, 36.00%, 1.69%
20039,34.07%, 66.53%, 32.46%, 1.01%
20041,54.74%, 77.04%, 22.30%, 0.66%
20043,45.49%, 72.64%, 27.16%, 0.20%
20045,58.36%, 78.70%, 20.34%, 0.96%
20047,47.41%, 73.37%, 25.95%, 0.68%
20049,56.08%, 77.50%, 21.42%, 1.08%
20051,32.79%, 33.50%, 66.29%, 0.22%
20053,21.19%, 60.23%, 39.04%, 0.74%
20055,54.32%, 76.65%, 22.34%, 1.01%
20057,44.23%, 71.59%, 27.36%, 1.05%
20059,57.58%, 78.40%, 20.82%, 0.78%
20061,38.86%, 69.15%, 30.29%, 0.55%
20063,42.47%, 70.95%, 28.47%, 0.58%
20065,25.08%, 61.68%, 36.60%, 1.72%
20067,54.15%, 76.41%, 22.26%, 1.32%
20069,35.87%, 67.47%, 31.60%, 0.94%
20071,56.68%, 78.25%, 21.57%, 0.18%
20073,57.71%, 78.53%, 20.81%, 0.66%
20075,38.83%, 68.43%, 29.61%, 1.96%
20077,56.77%, 77.85%, 21.08%, 1.07%
20079,56.19%, 77.62%, 21.43%, 0.94%
20081,48.18%, 73.41%, 25.23%, 1.36%
20083,35.76%, 67.55%, 31.79%, 0.66%
20085,49.73%, 74.55%, 24.83%, 0.62%
20087,49.88%, 74.77%, 24.89%, 0.34%
20089,55.27%, 76.90%, 21.63%, 1.48%
20091,41.39%, 70.40%, 29.01%, 0.59%
20093,56.51%, 77.22%, 20.71%,-
20095,39.80%, 69.63%, 29.82%, 0.55%
20097,64.81%, 82.09%, 17.28%, 0.64%
20099,49.86%, 74.22%, 24.35%, 1.43%
20101,44.10%, 71.30%, 27.20%, 1.49%
20103,12.84%, 56.27%, 43.43%, 0.30%
20105,46.87%, 73.12%, 26.25%, 0.63%
20107,51.59%, 75.19%, 23.60%, 1.21%
20109,44.42%, 71.64%, 27.22%, 1.14%
20111,51.68%, 75.49%, 23.81%, 0.70%
20113,61.28%, 79.98%, 18.71%, 1.31%
20115,47.34%, 73.50%, 26.15%, 0.35%
20117,34.79%, 67.06%, 32.27%, 0.67%
20119,46.70%, 73.16%, 26.46%, 0.39%
20121,46.38%, 72.71%, 26.33%, 0.96%
20123,26.92%, 62.84%, 35.92%, 1.24%
20125,53.90%, 76.31%, 22.41%, 1.27%
20127,60.25%, 79.54%, 19.29%, 1.16%
20129,58.58%, 78.78%, 20.20%, 1.01%
20131,22.66%, 61.10%, 38.45%, 0.45%
20133,45.36%, 72.27%, 26.92%, 0.81%
20135,44.27%, 71.51%, 27.24%, 1.25%
20137,50.09%, 73.99%, 23.90%,-
20139,47.69%, 73.24%, 25.55%, 1.22%
20141,63.21%, 81.34%, 18.13%, 0.53%
20143,46.55%, 72.53%, 25.98%, 1.49%
20145,50.78%, 75.18%, 24.40%, 0.43%
20147,40.78%, 69.77%, 28.99%, 1.24%
20149,30.96%, 65.30%, 34.35%, 0.35%
20151,62.02%, 80.58%, 18.56%, 0.85%
20153,17.46%, 57.78%, 40.32%, 1.91%
20155,53.53%, 76.31%, 22.78%, 0.91%
20157,37.34%, 68.19%, 30.85%, 0.96%
20159,49.00%, 74.05%, 25.06%, 0.89%
20161,56.74%, 77.91%, 21.17%, 0.92%
20163,42.14%, 70.73%, 28.59%, 0.68%
20165,20.83%, 60.02%, 39.19%, 0.79%
20167,33.88%, 66.56%, 32.68%, 0.77%
20169,43.09%, 71.20%, 28.11%, 0.69%
20171,32.37%, 65.78%, 33.41%, 0.82%
20173,49.75%, 74.40%, 24.66%, 0.94%
20175,54.87%, 76.98%, 22.11%, 0.90%
20177,53.47%, 76.46%, 22.99%, 0.56%
20179,21.70%, 60.52%, 38.81%, 0.67%
20181,51.43%, 74.61%, 23.18%,-
20183,49.60%, 74.34%, 24.74%, 0.92%
20185,51.73%, 75.27%, 23.54%, 1.19%
20187,50.15%, 74.85%, 24.70%, 0.45%
20189,57.73%, 78.52%, 20.79%, 0.69%
20191,60.88%, 79.64%, 18.75%, 1.61%
20193,33.53%, 65.97%, 32.44%, 1.59%
20195,16.02%, 57.73%, 41.72%, 0.55%
20197,44.31%, 71.89%, 27.58%, 0.53%
20199,34.26%, 66.19%, 31.93%, 1.88%
20201,35.42%, 67.37%, 31.94%, 0.69%
20203,11.12%, 54.91%, 43.79%, 1.30%
20205,57.95%, 78.46%, 20.52%, 1.02%
20207,53.89%, 76.59%, 22.70%, 0.72%
20209,31.90%, 65.69%, 33.78%, 0.53%
21001,38.01%, 69.01%, 30.99%,-
21003,46.28%, 73.14%, 26.86%,-
21005,3.94%, 51.96%, 48.02%, 0.03%
21007,50.95%, 24.49%, 75.44%, 0.08%
21009,18.19%, 59.07%, 40.88%, 0.06%
21011,9.68%, 54.74%, 45.06%, 0.20%
21013,43.95%, 71.84%, 27.90%, 0.26%
21015,16.77%, 58.31%, 41.54%, 0.16%
21017,16.73%, 58.34%, 41.61%, 0.05%
21019,32.81%, 66.38%, 33.57%, 0.05%
21021,8.06%, 54.01%, 45.95%, 0.05%
21023,40.17%, 69.98%, 29.80%, 0.22%
21025,13.29%, 43.35%, 56.65%,-
21027,23.11%, 61.53%, 38.43%, 0.04%
21029,0.98%, 50.45%, 49.47%, 0.08%
21031,70.32%, 85.09%, 14.76%, 0.15%
21033,25.44%, 62.61%, 37.17%, 0.22%
21035,37.47%, 31.13%, 68.59%, 0.28%
21037,8.80%, 54.25%, 45.45%, 0.30%
21039,43.37%, 28.28%, 71.65%, 0.07%
21041,6.09%, 46.91%, 53.00%, 0.09%
21043,37.95%, 68.73%, 30.77%, 0.50%
21045,42.89%, 71.39%, 28.50%, 0.11%
21047,10.70%, 55.35%, 44.65%,-
21049,0.50%, 50.25%, 49.75%,-
21051,74.22%, 86.97%, 12.75%, 0.27%
21053,77.62%, 88.81%, 11.19%,-
21055,37.06%, 68.46%, 31.40%, 0.14%
21057,65.61%, 82.79%, 17.18%, 0.03%
21059,9.63%, 54.77%, 45.14%, 0.09%
21061,48.45%, 74.15%, 25.70%, 0.14%
21063,37.33%, 31.33%, 68.67%,-
21065,31.72%, 65.82%, 34.09%, 0.09%
21067,30.37%, 65.11%, 34.74%, 0.15%
21069,29.08%, 64.50%, 35.43%, 0.07%
21071,5.65%, 47.17%, 52.83%,-
21073,5.01%, 47.45%, 52.46%, 0.10%
21075,39.22%, 30.34%, 69.55%, 0.11%
21077,10.19%, 55.04%, 44.85%, 0.11%
21079,24.68%, 62.34%, 37.66%,-
21081,19.10%, 59.48%, 40.38%, 0.15%
21083,31.78%, 33.98%, 65.76%, 0.25%
21085,26.31%, 63.07%, 36.77%, 0.16%
21087,37.84%, 68.84%, 31.01%, 0.15%
21089,28.85%, 64.43%, 35.57%,-
21091,16.73%, 58.33%, 41.60%, 0.07%
21093,18.02%, 58.92%, 40.90%, 0.18%
21095,51.05%, 75.41%, 24.36%, 0.23%
21097,4.20%, 47.86%, 52.06%, 0.08%
21099,19.56%, 59.66%, 40.10%, 0.24%
21101,14.41%, 57.03%, 42.62%, 0.35%
21103,11.29%, 44.29%, 55.58%, 0.13%
21105,47.55%, 26.12%, 73.67%, 0.20%
21107,2.38%, 48.69%, 51.08%, 0.23%
21109,93.18%, 96.52%, 3.34%, 0.14%
21111,20.50%, 60.14%, 39.65%, 0.21%
21113,10.91%, 55.45%, 44.55%,-
21115,48.08%, 73.98%, 25.90%, 0.12%
21117,7.33%, 53.56%, 46.24%, 0.20%
21119,47.52%, 26.24%, 73.76%,-
21121,59.62%, 79.76%, 20.14%, 0.09%
21123,4.55%, 52.19%, 47.64%, 0.17%
21125,62.21%, 81.06%, 18.85%, 0.08%
21127,19.28%, 59.59%, 40.32%, 0.09%
21129,27.86%, 63.91%, 36.05%, 0.03%
21131,89.09%, 94.45%, 5.35%, 0.20%
21133,21.28%, 60.55%, 39.27%, 0.18%
21135,56.83%, 78.36%, 21.53%, 0.12%
21137,25.52%, 62.68%, 37.16%, 0.16%
21139,18.40%, 59.12%, 40.72%, 0.17%
21141,11.66%, 55.79%, 44.13%, 0.08%
21143,2.83%, 48.39%, 51.21%, 0.40%
21145,14.16%, 56.93%, 42.76%, 0.31%
21147,78.40%, 89.10%, 10.70%, 0.20%
21149,16.40%, 58.07%, 41.67%, 0.27%
21151,14.33%, 57.03%, 42.71%, 0.26%
21153,21.85%, 60.93%, 39.07%,-
21155,18.18%, 40.85%, 59.03%, 0.12%
21157,4.00%, 47.87%, 51.87%, 0.25%
21159,61.03%, 80.44%, 19.41%, 0.14%
21161,19.66%, 59.79%, 40.13%, 0.07%
21163,2.71%, 48.54%, 51.25%, 0.21%
21165,0.48%, 50.24%, 49.76%,-
21167,23.58%, 61.76%, 38.17%, 0.07%
21169,33.83%, 66.92%, 33.08%,-
21171,57.40%, 78.59%, 21.19%, 0.23%
21173,17.11%, 58.35%, 41.24%, 0.40%
21175,11.96%, 44.02%, 55.98%,-
21177,12.86%, 56.22%, 43.36%, 0.41%
21179,15.88%, 42.04%, 57.92%, 0.04%
21181,0.84%, 50.36%, 49.53%, 0.11%
21183,34.13%, 66.83%, 32.70%, 0.47%
21185,8.25%, 54.02%, 45.77%, 0.20%
21187,23.68%, 38.04%, 61.72%, 0.24%
21189,79.30%, 89.55%, 10.24%, 0.21%
21191,34.17%, 67.03%, 32.86%, 0.10%
21193,23.02%, 61.44%, 38.42%, 0.14%
21195,8.40%, 54.14%, 45.75%, 0.11%
21197,22.62%, 61.31%, 38.69%,-
21199,57.81%, 78.84%, 21.03%, 0.13%
21201,7.38%, 53.69%, 46.31%,-
21203,61.90%, 80.95%, 19.05%,-
21205,22.66%, 61.25%, 38.59%, 0.16%
21207,57.12%, 78.45%, 21.32%, 0.23%
21209,5.78%, 52.82%, 47.05%, 0.13%
21211,9.78%, 54.89%, 45.11%,-
21213,20.73%, 39.64%, 60.36%,-
21215,24.56%, 62.20%, 37.64%, 0.16%
21217,30.26%, 65.05%, 34.79%, 0.17%
21219,1.63%, 50.78%, 49.16%, 0.06%
21221,7.19%, 53.52%, 46.34%, 0.14%
21223,39.26%, 30.24%, 69.50%, 0.26%
21225,24.57%, 37.64%, 62.21%, 0.14%
21227,21.80%, 60.90%, 39.10%, 0.01%
21229,12.82%, 56.36%, 43.54%, 0.10%
21231,27.96%, 63.89%, 35.93%, 0.18%
21233,0.90%, 49.49%, 50.39%, 0.13%
21235,66.63%, 83.26%, 16.63%, 0.10%
21237,3.27%, 48.36%, 51.64%,-
21239,9.54%, 54.71%, 45.18%, 0.11%
22001,54.46%, 22.77%, 77.23%,-
22003,28.68%, 35.66%, 64.34%,-
22005,52.56%, 23.72%, 76.28%,-
22007,51.08%, 24.46%, 75.54%,-
22009,74.72%, 12.64%, 87.36%,-
22011,52.75%, 23.62%, 76.38%,-
22013,56.00%, 22.00%, 78.00%,-
22015,68.13%, 15.93%, 84.07%,-
22017,30.84%, 34.58%, 65.42%,-
22019,27.75%, 36.10%, 63.85%, 0.05%
22021,47.16%, 26.42%, 73.58%,-
22023,80.97%, 9.51%, 90.49%,-
22025,35.11%, 32.45%, 67.55%,-
22027,72.47%, 13.76%, 86.24%,-
22029,63.26%, 18.37%, 81.63%,-
22031,47.25%, 26.32%, 73.57%, 0.10%
22033,20.87%, 39.56%, 60.44%,-
22035,54.06%, 22.97%, 77.03%,-
22037,59.08%, 20.46%, 79.54%,-
22039,72.39%, 13.81%, 86.19%,-
22041,39.74%, 30.13%, 69.87%,-
22043,33.90%, 33.05%, 66.95%,-
22045,72.23%, 13.89%, 86.11%,-
22047,70.86%, 14.57%, 85.43%,-
22049,100.00%,-, 100.00%,-
22051,75.54%, 12.23%, 87.77%,-
22053,20.65%, 39.67%, 60.33%,-
22055,68.75%, 15.62%, 84.38%,-
22057,78.27%, 10.86%, 89.14%,-
22059,32.38%, 33.81%, 66.19%,-
22061,21.68%, 39.16%, 60.84%,-
22063,3.56%, 48.22%, 51.78%,-
22065,35.61%, 32.20%, 67.80%,-
22067,42.37%, 28.81%, 71.19%,-
22069,59.92%, 20.04%, 79.96%,-
22071,58.99%, 20.51%, 79.49%,-
22073,32.99%, 33.50%, 66.50%,-
22075,83.02%, 8.49%, 91.51%,-
22077,85.75%, 7.12%, 92.88%,-
22079,28.37%, 35.81%, 64.19%,-
22081,47.09%, 26.00%, 73.09%, 0.90%
22083,63.47%, 18.26%, 81.74%,-
22085,31.60%, 34.20%, 65.80%,-
22087,93.68%, 3.16%, 96.84%,-
22089,82.35%, 8.82%, 91.18%,-
22091,61.54%, 19.23%, 80.77%,-
22093,84.14%, 7.93%, 92.07%,-
22095,78.33%, 10.84%, 89.16%,-
22097,65.08%, 17.46%, 82.54%,-
22099,77.32%, 11.34%, 88.66%,-
22101,48.71%, 25.65%, 74.35%,-
22103,31.42%, 34.29%, 65.71%,-
22105,33.40%, 33.30%, 66.70%,-
22107,56.95%, 21.52%, 78.48%,-
22109,71.94%, 14.03%, 85.97%,-
22111,43.94%, 27.97%, 71.90%, 0.13%
22113,70.24%, 14.88%, 85.12%,-
22115,62.84%, 18.58%, 81.42%,-
22117,13.87%, 43.07%, 56.93%,-
22119,60.13%, 19.93%, 80.07%,-
22121,77.26%, 11.37%, 88.63%,-
22123,51.75%, 24.13%, 75.87%,-
22125,64.77%, 17.61%, 82.39%,-
22127,37.07%, 31.46%, 68.54%,-
23001,3.72%, 51.59%, 47.87%, 0.54%
