statecounty,24.26%, 36.54%, 60.80%, 2.66%
01001,89.12%, 5.19%, 94.31%, 0.49%
01003,64.17%, 14.63%, 78.80%, 1.42%
01005,95.42%, 2.04%, 97.47%, 0.49%
01007,81.22%, 9.20%, 90.42%, 0.39%
01009,57.35%, 20.88%, 78.23%, 0.90%
01011,99.08%,-, 99.50%, 0.50%
01013,92.93%, 3.39%, 96.32%, 0.29%
01015,75.41%, 11.71%, 87.12%, 1.17%
01017,93.91%, 2.99%, 96.90%, 0.11%
01019,69.41%, 14.92%, 84.32%, 0.76%
01021,27.03%, 36.23%, 63.26%, 0.52%
01023,90.64%, 4.68%, 95.32%,-
01025,95.54%, 2.19%, 97.73%, 0.07%
01027,48.29%, 23.51%, 71.79%, 0.44%
01029,37.88%, 30.75%, 68.63%, 0.62%
01031,92.83%, 3.33%, 96.16%, 0.51%
01033,85.83%, 6.92%, 92.75%, 0.33%
01035,91.72%, 3.88%, 95.60%, 0.52%
01037,68.46%, 14.78%, 83.24%, 1.98%
01039,92.15%, 3.76%, 95.91%, 0.34%
01041,92.07%, 3.89%, 95.95%, 0.16%
01043,37.79%, 30.97%, 68.76%, 0.27%
01045,85.07%, 7.43%, 92.50%, 0.08%
01047,96.87%,-, 98.37%, 1.63%
01049,13.94%, 42.92%, 56.87%, 0.21%
01051,88.08%, 4.24%, 92.32%, 0.14%
01053,91.99%, 3.82%, 95.81%, 0.37%
01055,64.95%, 17.30%, 82.24%, 0.46%
01057,50.42%, 24.41%, 74.82%, 0.77%
01059,23.85%, 37.77%, 61.62%, 0.60%
01061,79.93%, 10.00%, 89.93%, 0.07%
01063,95.14%, 2.26%, 97.40%, 0.34%
01065,97.10%,-, 98.31%, 1.69%
01067,96.28%,-, 98.06%, 1.94%
01069,87.44%, 6.08%, 93.52%, 0.40%
01071,57.59%, 21.13%, 78.71%, 0.16%
01073,80.03%, 9.49%, 89.51%, 1.00%
01075,84.73%, 7.52%, 92.25%, 0.23%
01077,83.80%, 7.61%, 91.41%, 0.98%
01079,66.43%, 16.67%, 83.10%, 0.23%
01081,91.55%, 4.07%, 95.62%, 0.31%
01083,92.07%, 3.61%, 95.69%, 0.70%
01085,98.19%,-, 99.01%, 0.99%
01087,93.42%, 3.29%, 96.71%,-
01089,82.75%, 8.26%, 91.01%, 0.72%
01091,97.11%,-, 98.54%, 1.46%
01093,48.32%, 25.24%, 73.57%, 1.19%
01095,63.72%, 17.95%, 81.68%, 0.37%
01097,81.32%, 8.64%, 89.95%, 1.41%
01099,97.42%,-, 98.54%, 1.46%
01101,95.99%,-, 97.80%, 2.20%
01103,85.26%, 7.13%, 92.39%, 0.48%
01105,96.91%,-, 98.45%, 1.55%
01107,87.48%, 6.01%, 93.49%, 0.51%
01109,96.45%,-, 98.19%, 1.81%
01111,55.20%, 22.19%, 77.39%, 0.42%
01113,93.75%, 2.93%, 96.68%, 0.40%
01115,24.10%, 37.73%, 61.83%, 0.44%
01117,50.11%, 24.43%, 74.54%, 1.04%
01119,96.55%,-, 98.28%, 1.72%
01121,74.29%, 11.14%, 85.42%, 0.11%
01123,92.36%, 3.74%, 96.10%, 0.16%
01125,89.11%, 5.19%, 94.31%, 0.50%
01127,53.42%, 22.70%, 76.12%, 1.18%
01129,91.33%, 3.95%, 95.28%, 0.77%
01131,98.33%,-, 99.13%, 0.87%
01133,5.84%, 52.77%, 46.93%, 0.30%
02013,0%,-,-,-
02016,0%,-,-,-
02020,0%,-,-,-
02050,0%,-,-,-
02060,0%,-,-,-
02068,0%,-,-,-
02070,0%,-,-,-
02090,0%,-,-,-
02100,0%,-,-,-
02105,0%,-,-,-
02110,0%,-,-,-
02122,0%,-,-,-
02130,0%,-,-,-
02150,0%,-,-,-
02164,0%,-,-,-
02170,0%,-,-,-
02180,0%,-,-,-
02185,0%,-,-,-
02188,0%,-,-,-
02195,0%,-,-,-
02198,0%,-,-,-
02220,0%,-,-,-
02230,0%,-,-,-
02240,0%,-,-,-
02261,0%,-,-,-
02270,0%,-,-,-
02275,0%,-,-,-
02282,0%,-,-,-
02290,0%,-,-,-
04001,44.52%, 27.42%, 71.94%, 0.64%
04003,57.51%, 19.93%, 77.44%, 0.43%
04005,37.56%, 29.77%, 67.33%, 0.57%
04007,50.75%, 23.23%, 73.98%, 0.29%
04009,65.39%, 15.54%, 80.94%, 3.52%
04011,73.86%, 12.31%, 86.17%, 1.52%
04012,0%,-,-,-
04013,38.56%, 28.71%, 67.28%, 0.65%
04015,47.65%, 24.08%, 71.73%, 0.47%
04017,47.92%, 25.40%, 73.32%, 1.28%
04019,33.19%, 32.70%, 65.89%, 1.41%
04021,46.88%, 24.98%, 71.86%, 0.37%
04023,39.01%, 29.33%, 68.34%, 0.24%
04025,38.63%, 28.15%, 66.77%, 0.54%
04027,53.32%, 21.22%, 74.54%, 0.59%
05001,70.73%, 14.47%, 85.19%, 0.34%
05003,87.14%, 6.43%, 93.57%,-
05005,34.46%, 32.47%, 66.93%, 0.61%
05007,18.13%, 40.64%, 58.77%, 0.58%
05009,38.69%, 30.51%, 69.20%, 0.29%
05011,92.00%, 3.97%, 95.97%, 0.06%
05013,91.70%, 4.08%, 95.78%, 0.14%
05015,27.32%, 36.22%, 63.55%, 0.23%
05017,87.63%, 6.14%, 93.78%, 0.08%
05019,81.78%, 8.92%, 90.71%, 0.37%
05021,38.12%, 30.83%, 68.94%, 0.23%
05023,46.50%, 26.44%, 72.93%, 0.63%
05025,91.81%, 3.96%, 95.77%, 0.26%
05027,93.30%, 3.35%, 96.65%,-
05029,73.62%, 13.15%, 86.77%, 0.09%
05031,64.56%, 17.46%, 82.02%, 0.52%
05033,47.38%, 26.09%, 73.47%, 0.45%
05035,97.66%,-, 98.83%, 1.17%
05037,84.08%, 7.40%, 91.49%, 1.11%
05039,86.59%, 6.71%, 93.29%,-
05041,92.37%, 3.75%, 96.12%, 0.14%
05043,89.09%, 5.38%, 94.47%, 0.15%
05045,66.03%, 16.79%, 82.82%, 0.39%
05047,68.76%, 15.35%, 84.11%, 0.53%
05049,36.72%, 31.53%, 68.25%, 0.22%
05051,40.98%, 29.09%, 70.07%, 0.84%
05053,73.80%, 13.06%, 86.86%, 0.09%
05055,62.76%, 18.48%, 81.25%, 0.27%
05057,85.44%, 7.24%, 92.68%, 0.08%
05059,55.93%, 21.84%, 77.77%, 0.39%
05061,67.68%, 16.02%, 83.69%, 0.29%
05063,50.72%, 24.53%, 75.25%, 0.21%
05065,52.89%, 23.56%, 76.44%,-
05067,73.58%, 13.19%, 86.77%, 0.04%
05069,87.52%, 6.15%, 93.66%, 0.19%
05071,62.87%, 17.95%, 80.81%, 1.24%
05073,85.31%, 7.24%, 92.55%, 0.22%
05075,65.59%, 16.91%, 82.50%, 0.59%
05077,89.89%, 4.98%, 94.87%, 0.15%
05079,91.81%, 4.10%, 95.90%,-
05081,68.84%, 15.30%, 84.14%, 0.56%
05083,55.03%, 22.38%, 77.41%, 0.20%
05085,79.59%, 10.17%, 89.76%, 0.07%
05087,6.16%, 46.86%, 53.02%, 0.13%
05089,38.47%, 30.21%, 68.68%, 1.11%
05091,78.32%, 10.69%, 89.01%, 0.30%
05093,88.05%, 5.89%, 93.94%, 0.17%
05095,85.93%, 6.91%, 92.84%, 0.25%
05097,37.46%, 30.61%, 68.07%, 1.32%
05099,71.73%, 13.96%, 85.69%, 0.34%
05101,5.78%, 52.89%, 47.11%,-
05103,82.93%, 8.53%, 91.47%,-
05105,56.62%, 21.69%, 78.31%,-
05107,91.62%, 3.98%, 95.60%, 0.42%
05109,55.63%, 22.14%, 77.78%, 0.08%
05111,71.47%, 13.90%, 85.38%, 0.72%
05113,36.48%, 30.95%, 67.44%, 1.61%
05115,76.90%, 11.49%, 88.38%, 0.13%
05117,64.69%, 17.56%, 82.25%, 0.19%
05119,79.20%, 10.29%, 89.49%, 0.22%
05121,60.62%, 19.62%, 80.24%, 0.14%
05123,90.13%, 4.59%, 94.72%, 0.68%
05125,61.01%, 18.86%, 79.87%, 1.26%
05127,51.53%, 24.17%, 75.70%, 0.13%
05129,13.67%, 56.81%, 43.14%, 0.06%
05131,59.06%, 20.30%, 79.35%, 0.35%
05133,60.73%, 19.27%, 80.00%, 0.73%
05135,52.23%, 23.40%, 75.63%, 0.97%
05137,35.36%, 32.12%, 67.49%, 0.39%
05139,88.18%, 5.76%, 93.94%, 0.29%
05141,44.74%, 27.48%, 72.22%, 0.30%
05143,36.15%, 31.73%, 67.87%, 0.40%
05145,64.63%, 17.57%, 82.20%, 0.23%
05147,70.16%, 14.55%, 84.70%, 0.75%
05149,76.44%, 11.78%, 88.22%,-
06001,28.54%, 35.09%, 63.63%, 1.28%
06003,6.92%, 46.54%, 53.46%,-
06005,52.03%, 23.38%, 75.41%, 1.20%
06007,33.82%, 32.04%, 65.86%, 2.10%
06009,44.14%, 27.16%, 71.31%, 1.53%
06011,42.23%, 28.15%, 70.38%, 1.47%
06013,45.60%, 26.70%, 72.29%, 1.01%
06015,20.19%, 39.24%, 59.43%, 1.33%
06017,52.54%, 23.12%, 75.66%, 1.22%
06019,56.80%, 20.94%, 77.75%, 1.31%
06021,33.47%, 32.50%, 65.97%, 1.52%
06023,26.95%, 35.97%, 62.93%, 1.10%
06025,22.41%, 38.34%, 60.75%, 0.91%
06027,25.91%, 36.47%, 62.38%, 1.16%
06029,50.41%, 24.20%, 74.61%, 1.18%
06031,51.42%, 23.67%, 75.10%, 1.23%
06033,1.08%, 48.74%, 49.82%, 1.44%
06035,59.86%, 19.62%, 79.47%, 0.91%
06037,35.38%, 31.62%, 67.00%, 1.39%
06039,53.13%, 22.61%, 75.74%, 1.65%
06041,31.99%, 33.44%, 65.43%, 1.13%
06043,50.18%, 24.23%, 74.40%, 1.37%
06045,26.90%, 35.75%, 62.65%, 1.60%
06047,47.19%, 25.50%, 72.69%, 1.82%
06049,30.38%, 34.19%, 64.57%, 1.24%
06051,30.69%, 34.09%, 64.78%, 1.13%
06053,23.43%, 37.70%, 61.13%, 1.17%
06055,22.11%, 38.24%, 60.35%, 1.41%
06057,45.08%, 26.83%, 71.91%, 1.26%
06059,11.69%, 43.31%, 55.00%, 1.70%
06061,54.27%, 22.34%, 76.62%, 1.04%
06063,59.01%, 19.80%, 78.81%, 1.40%
06065,0.99%, 48.89%, 49.88%, 1.24%
06067,58.40%, 20.14%, 78.53%, 1.33%
06069,25.35%, 36.58%, 61.93%, 1.50%
06071,20.58%, 38.97%, 59.55%, 1.48%
06073,28.42%, 35.04%, 63.45%, 1.51%
06075,49.34%, 24.69%, 74.04%, 1.27%
06077,47.59%, 25.61%, 73.20%, 1.19%
06079,23.84%, 37.28%, 61.13%, 1.59%
06081,32.58%, 33.09%, 65.67%, 1.24%
06083,23.79%, 37.35%, 61.14%, 1.51%
06085,18.07%, 40.41%, 58.48%, 1.12%
06087,5.95%, 46.12%, 52.08%, 1.80%
06089,40.97%, 28.75%, 69.72%, 1.53%
06091,53.88%, 22.56%, 76.44%, 1.00%
06093,39.82%, 29.46%, 69.28%, 1.26%
06095,57.16%, 20.89%, 78.05%, 1.06%
06097,21.21%, 38.96%, 60.17%, 0.86%
06099,27.68%, 35.44%, 63.13%, 1.43%
06101,41.93%, 28.11%, 70.04%, 1.85%
06103,21.22%, 38.46%, 59.68%, 1.86%
06105,36.24%, 30.87%, 67.11%, 2.03%
06107,36.88%, 30.78%, 67.66%, 1.55%
06109,46.32%, 26.40%, 72.72%, 0.88%
06111,27.38%, 35.75%, 63.14%, 1.11%
06113,39.09%, 29.84%, 68.94%, 1.22%
06115,50.22%, 23.95%, 74.18%, 1.87%
08001,21.36%, 38.33%, 59.69%, 1.99%
08003,39.16%, 29.71%, 68.87%, 1.43%
08005,19.85%, 38.24%, 58.09%, 0.81%
08007,16.50%, 40.59%, 57.09%, 2.33%
08009,15.59%, 39.46%, 55.06%, 0.55%
08011,16.41%, 40.84%, 57.25%, 1.92%
08013,14.54%, 41.39%, 55.93%, 0.66%
08014,0%,-,-,-
08015,37.61%, 29.18%, 66.78%, 0.66%
08017,7.95%, 44.85%, 52.81%, 2.34%
08019,29.87%, 34.68%, 64.55%, 0.77%
08021,28.09%, 35.18%, 63.26%, 1.56%
08023,23.48%, 37.14%, 60.62%, 2.24%
08025,11.39%, 43.11%, 54.50%, 2.39%
08027,12.13%, 43.11%, 55.25%, 1.64%
08029,8.80%, 41.14%, 49.94%, 0.71%
08031,31.82%, 33.28%, 65.09%, 1.63%
08033,16.84%, 38.66%, 55.50%, 2.06%
08035,7.57%, 45.48%, 53.05%, 1.47%
08037,32.59%, 33.06%, 65.66%, 1.28%
08039,1.98%, 49.50%, 47.51%, 0.25%
08041,17.02%, 39.82%, 56.84%, 0.42%
08043,9.93%, 42.91%, 52.84%, 0.32%
08045,10.18%, 42.95%, 53.14%, 0.40%
08047,38.53%, 29.81%, 68.34%, 1.86%
08049,8.42%, 45.54%, 53.95%, 0.51%
08051,37.36%, 30.42%, 67.78%, 1.80%
08053,2.96%, 47.78%, 50.74%, 1.48%
08055,34.95%, 32.22%, 67.17%, 0.62%
08057,1.58%, 47.29%, 48.87%, 0.23%
08059,15.69%, 41.10%, 56.79%, 2.11%
08061,8.43%, 44.57%, 53.00%, 2.42%
08063,6.41%, 50.76%, 44.35%, 0.33%
08065,52.99%, 23.03%, 76.02%, 0.96%
08067,12.30%, 42.19%, 54.49%, 0.47%
08069,1.83%, 47.59%, 49.41%, 0.44%
08071,50.60%, 24.49%, 75.08%, 0.43%
08073,7.59%, 44.89%, 52.48%, 0.25%
08075,12.69%, 42.61%, 55.30%, 2.09%
08077,33.63%, 29.47%, 63.10%, 0.56%
08079,38.13%, 30.22%, 68.35%, 1.44%
08081,6.01%, 42.14%, 48.14%, 0.44%
08083,17.60%, 38.89%, 56.49%, 1.00%
08085,12.72%, 41.44%, 54.16%, 0.94%
08087,1.36%, 47.18%, 48.54%, 0.32%
08089,19.61%, 39.49%, 59.10%, 1.41%
08091,22.31%, 38.35%, 60.66%, 0.99%
08093,27.96%, 35.36%, 63.32%, 1.33%
08095,25.39%, 36.15%, 61.54%, 2.31%
08097,34.81%, 29.99%, 64.80%, 1.28%
08099,8.38%, 43.91%, 52.28%, 0.25%
08101,29.39%, 34.46%, 63.85%, 1.69%
08103,16.33%, 55.78%, 39.45%, 0.27%
08105,15.25%, 41.64%, 56.90%, 1.46%
08107,27.89%, 33.68%, 61.57%, 0.98%
08109,10.22%, 43.79%, 54.01%, 2.21%
08111,51.33%, 23.61%, 74.94%, 1.45%
08113,31.68%, 32.12%, 63.80%, 0.59%
08115,15.82%, 40.57%, 56.40%, 0.21%
08117,29.65%, 34.85%, 64.50%, 0.65%
08119,41.83%, 27.91%, 69.74%, 2.35%
08121,8.96%, 44.34%, 53.29%, 0.26%
08123,14.54%, 41.23%, 55.77%, 0.44%
08125,7.65%, 45.26%, 52.90%, 1.84%
09001,11.93%, 41.56%, 53.49%, 2.23%
09003,21.44%, 37.23%, 58.67%, 0.80%
09005,3.72%, 50.68%, 46.97%, 2.35%
09007,5.81%, 46.34%, 52.14%, 1.52%
09009,19.89%, 37.44%, 57.33%, 1.06%
09011,7.61%, 44.79%, 52.41%, 0.72%
09013,5.42%, 45.43%, 50.85%, 0.75%
09015,4.57%, 46.00%, 50.57%, 0.56%
10001,12.93%, 43.45%, 56.38%, 0.16%
10003,11.03%, 44.13%, 55.17%, 0.70%
10005,3.23%, 48.31%, 51.54%, 0.15%
11001,0%,-,-,-
12001,68.65%, 15.67%, 84.33%,-
12003,86.12%, 6.94%, 93.06%,-
12005,71.09%, 14.45%, 85.55%,-
12007,67.21%, 16.40%, 83.60%,-
12009,33.45%, 33.28%, 66.72%,-
12011,39.41%, 30.30%, 69.70%,-
12013,70.42%, 14.79%, 85.21%,-
12015,17.59%, 41.20%, 58.80%,-
12017,79.15%, 10.43%, 89.57%,-
12019,38.00%, 31.00%, 69.00%,-
12021,82.22%, 8.89%, 91.11%,-
12023,86.84%, 6.58%, 93.42%,-
12027,48.00%, 26.00%, 74.00%,-
12029,89.63%, 5.19%, 94.81%,-
12031,65.76%, 17.12%, 82.88%,-
12033,70.72%, 14.64%, 85.36%,-
12035,65.42%, 17.29%, 82.71%,-
12037,83.75%, 8.13%, 91.87%,-
12039,85.70%, 7.15%, 92.85%,-
12041,87.44%, 6.28%, 93.72%,-
12043,37.99%, 31.00%, 69.00%,-
12045,84.48%, 7.76%, 92.24%,-
12047,91.03%, 4.49%, 95.51%,-
12049,43.47%, 28.27%, 71.73%,-
12051,52.00%, 24.00%, 76.00%,-
12053,56.16%, 21.92%, 78.08%,-
12055,38.54%, 30.73%, 69.27%,-
12057,58.06%, 20.97%, 79.03%,-
12059,61.25%, 19.37%, 80.63%,-
12061,40.95%, 29.52%, 70.48%,-
12063,82.91%, 8.54%, 91.46%,-
12065,81.46%, 9.27%, 90.73%,-
12067,86.25%, 6.87%, 93.13%,-
12069,33.08%, 33.46%, 66.54%,-
12071,38.31%, 30.85%, 69.15%,-
12073,86.31%, 6.84%, 93.16%,-
12075,83.26%, 8.37%, 91.63%,-
12077,85.19%, 7.41%, 92.59%,-
12079,85.05%, 7.47%, 92.53%,-
12081,41.12%, 29.44%, 70.56%,-
12083,71.98%, 14.01%, 85.99%,-
12085,40.81%, 29.59%, 70.41%,-
12086,46.24%, 26.88%, 73.12%,-
12087,80.46%, 9.77%, 90.23%,-
12089,63.80%, 18.10%, 81.90%,-
12091,68.37%, 15.81%, 84.19%,-
12093,55.77%, 22.12%, 77.88%,-
12095,24.94%, 37.53%, 62.47%,-
12097,19.13%, 40.43%, 59.57%,-
12099,36.54%, 31.73%, 68.27%,-
12101,31.58%, 34.21%, 65.79%,-
12103,19.20%, 40.40%, 59.60%,-
12105,42.98%, 28.51%, 71.49%,-
12107,47.07%, 26.47%, 73.53%,-
12109,51.73%, 24.13%, 75.87%,-
12111,59.31%, 20.34%, 79.66%,-
12113,59.54%, 20.23%, 79.77%,-
12115,39.25%, 30.38%, 69.62%,-
12117,48.40%, 25.80%, 74.20%,-
12119,40.28%, 29.86%, 70.14%,-
12121,86.82%, 6.59%, 93.41%,-
12123,87.45%, 6.27%, 93.73%,-
12125,84.89%, 7.56%, 92.44%,-
12127,23.25%, 38.37%, 61.63%,-
12129,93.84%, 3.08%, 96.92%,-
12131,68.98%, 15.51%, 84.49%,-
12133,64.97%, 17.51%, 82.49%,-
13001,80.23%, 9.61%, 89.84%, 0.55%
13003,94.12%, 2.94%, 97.06%,-
13005,87.49%, 6.26%, 93.74%,-
13007,95.60%, 2.12%, 97.72%, 0.16%
13009,75.38%, 12.20%, 87.58%, 0.22%
13011,55.96%, 22.02%, 77.98%,-
13013,74.46%, 12.69%, 87.16%, 0.15%
13015,66.57%, 16.57%, 83.13%, 0.30%
13017,77.36%, 11.28%, 88.64%, 0.08%
13019,93.95%, 3.02%, 96.98%,-
13021,85.04%, 7.29%, 92.34%, 0.37%
13023,80.56%, 9.58%, 90.14%, 0.28%
13025,85.14%, 6.99%, 92.13%, 0.87%
13027,85.91%, 6.83%, 92.74%, 0.44%
13029,81.40%, 9.01%, 90.41%, 0.57%
13031,93.31%, 3.22%, 96.53%, 0.24%
13033,90.40%, 4.66%, 95.06%, 0.27%
13035,92.85%, 3.28%, 96.13%, 0.59%
13037,96.22%,-, 97.98%, 2.02%
13039,80.91%, 9.28%, 90.19%, 0.53%
13043,84.84%, 7.44%, 92.28%, 0.28%
13045,70.05%, 14.93%, 84.98%, 0.09%
13047,64.57%, 17.59%, 82.16%, 0.24%
13049,88.53%, 5.63%, 94.16%, 0.20%
13051,78.01%, 10.89%, 88.90%, 0.21%
13053,82.30%, 8.85%, 91.15%,-
13055,85.64%, 7.15%, 92.79%, 0.06%
13057,17.91%, 40.87%, 58.79%, 0.34%
13059,88.41%, 5.72%, 94.13%, 0.14%
13061,94.39%, 2.61%, 96.99%, 0.40%
13063,76.93%, 11.44%, 88.37%, 0.20%
13065,86.60%, 6.60%, 93.21%, 0.19%
13067,59.60%, 20.11%, 79.72%, 0.17%
13069,87.19%, 6.38%, 93.57%, 0.05%
13071,68.98%, 15.44%, 84.42%, 0.14%
13073,89.29%, 4.86%, 94.14%, 1.00%
13075,87.00%, 6.44%, 93.45%, 0.11%
13077,93.62%, 3.13%, 96.75%, 0.13%
13079,89.47%, 5.03%, 94.51%, 0.46%
13081,85.59%, 7.12%, 92.70%, 0.18%
13083,74.11%, 12.89%, 87.01%, 0.10%
13085,7.87%, 46.07%, 53.93%,-
13087,91.87%, 3.85%, 95.71%, 0.44%
13089,73.06%, 13.28%, 86.34%, 0.37%
13091,88.92%, 5.31%, 94.24%, 0.45%
13093,94.06%, 2.97%, 97.03%,-
13095,90.91%, 4.49%, 95.40%, 0.11%
13097,61.99%, 18.88%, 80.88%, 0.24%
13099,91.70%, 3.98%, 95.68%, 0.35%
13101,81.57%, 9.06%, 90.63%, 0.30%
13103,62.25%, 18.81%, 81.06%, 0.13%
13105,59.77%, 19.62%, 79.39%, 0.99%
13107,87.36%, 6.01%, 93.37%, 0.62%
13109,90.53%, 4.54%, 95.07%, 0.39%
13111,10.20%, 55.10%, 44.90%,-
13113,82.78%, 8.55%, 91.33%, 0.12%
13115,79.87%, 10.00%, 89.87%, 0.13%
13117,17.21%, 41.40%, 58.60%,-
13119,74.00%, 12.73%, 86.73%, 0.54%
13121,76.65%, 11.52%, 88.17%, 0.30%
13123,3.72%, 48.14%, 51.86%,-
13125,68.41%, 15.45%, 83.86%, 0.68%
13127,76.10%, 11.88%, 87.98%, 0.14%
13129,59.99%, 19.87%, 79.86%, 0.28%
13131,81.79%, 8.91%, 90.71%, 0.38%
13133,87.40%, 5.96%, 93.35%, 0.69%
13135,62.92%, 18.49%, 81.41%, 0.10%
13137,62.71%, 18.21%, 80.93%, 0.86%
13139,71.90%, 13.96%, 85.85%, 0.19%
13141,78.42%, 10.00%, 88.42%, 1.58%
13143,35.11%, 32.28%, 67.39%, 0.33%
13145,89.19%, 5.36%, 94.54%, 0.10%
13147,74.21%, 12.75%, 86.96%, 0.29%
13149,64.55%, 17.55%, 82.11%, 0.34%
13151,84.08%, 7.83%, 91.90%, 0.27%
13153,91.12%, 4.44%, 95.56%,-
13155,80.19%, 9.64%, 89.83%, 0.53%
13157,85.67%, 7.09%, 92.76%, 0.15%
13159,93.10%, 3.45%, 96.55%,-
13161,74.31%, 12.85%, 87.15%,-
13163,75.46%, 11.85%, 87.31%, 0.85%
13165,92.98%, 3.51%, 96.49%,-
13167,69.25%, 15.15%, 84.40%, 0.45%
13169,91.34%, 4.33%, 95.67%,-
13171,84.71%, 7.59%, 92.30%, 0.11%
13173,92.22%, 3.59%, 95.81%, 0.60%
13175,79.02%, 10.37%, 89.39%, 0.24%
13177,99.39%,-, 99.59%, 0.41%
13179,76.01%, 11.64%, 87.65%, 0.71%
13181,71.02%, 13.21%, 84.23%,-
13183,70.75%, 14.21%, 84.96%, 0.84%
13185,90.91%, 3.98%, 94.89%, 1.13%
13187,58.82%, 20.59%, 79.41%,-
13189,75.03%, 12.11%, 87.14%, 0.74%
13191,70.64%, 14.68%, 85.32%,-
13193,82.24%, 8.74%, 90.98%, 0.28%
13195,62.15%, 18.73%, 80.89%, 0.38%
13197,74.12%, 12.84%, 86.96%, 0.21%
13199,89.25%, 5.36%, 94.61%, 0.04%
13201,89.42%, 5.22%, 94.64%, 0.14%
13205,93.15%, 3.32%, 96.47%, 0.21%
13207,78.97%, 10.27%, 89.24%, 0.49%
13209,83.56%, 7.83%, 91.39%, 0.77%
13211,93.50%, 3.17%, 96.66%, 0.17%
13213,32.90%, 33.53%, 66.43%, 0.04%
13215,83.24%, 8.32%, 91.56%, 0.13%
13217,88.01%, 5.79%, 93.79%, 0.42%
13219,47.04%, 26.25%, 73.29%, 0.46%
13221,75.73%, 11.93%, 87.66%, 0.41%
13223,36.43%, 31.71%, 68.14%, 0.15%
13225,86.61%, 5.91%, 92.52%, 1.57%
13227,7.47%, 46.27%, 53.73%,-
13229,93.54%, 2.91%, 96.45%, 0.65%
13231,71.66%, 14.03%, 85.69%, 0.28%
13233,75.15%, 12.36%, 87.51%, 0.13%
13235,90.16%, 4.45%, 94.61%, 0.94%
13237,86.36%, 6.75%, 93.11%, 0.13%
13239,89.84%, 5.08%, 94.92%,-
13241,70.75%, 14.58%, 85.33%, 0.09%
13243,88.11%, 5.75%, 93.86%, 0.39%
13245,85.63%, 7.06%, 92.69%, 0.26%
13247,83.86%, 8.01%, 91.88%, 0.11%
13249,81.39%, 9.31%, 90.69%,-
13251,86.42%, 6.05%, 92.47%, 1.49%
13253,80.55%, 9.73%, 90.27%,-
13255,96.84%,-, 98.28%, 1.72%
13257,88.61%, 5.61%, 94.22%, 0.17%
13259,85.02%, 7.20%, 92.22%, 0.59%
13261,93.69%, 3.00%, 96.69%, 0.31%
13263,89.56%, 4.86%, 94.42%, 0.71%
13265,93.89%, 2.44%, 96.34%, 1.22%
13267,65.49%, 16.82%, 82.31%, 0.86%
13269,67.75%, 15.96%, 83.71%, 0.33%
13271,81.08%, 9.46%, 90.54%,-
13273,91.14%, 4.36%, 95.50%, 0.14%
13275,82.68%, 8.39%, 91.08%, 0.53%
13277,81.54%, 8.95%, 90.49%, 0.56%
13279,85.23%, 7.20%, 92.43%, 0.37%
13281,2.07%, 48.96%, 51.04%,-
13283,94.98%, 2.46%, 97.44%, 0.11%
13285,88.37%, 5.76%, 94.13%, 0.10%
13287,64.12%, 17.94%, 82.06%,-
13289,79.05%, 10.38%, 89.44%, 0.18%
13291,18.90%, 40.55%, 59.45%,-
13293,82.80%, 8.57%, 91.37%, 0.06%
13295,66.82%, 16.50%, 83.32%, 0.18%
13297,87.25%, 6.33%, 93.58%, 0.10%
13299,81.71%, 9.06%, 90.77%, 0.18%
13301,61.00%, 18.91%, 79.91%, 1.17%
13303,78.90%, 10.34%, 89.24%, 0.42%
13305,75.97%, 11.68%, 87.65%, 0.67%
13307,76.92%, 11.40%, 88.32%, 0.28%
13309,72.57%, 13.64%, 86.21%, 0.15%
13311,57.63%, 21.18%, 78.82%,-
13313,47.64%, 26.05%, 73.69%, 0.27%
13315,68.96%, 15.44%, 84.40%, 0.16%
13317,84.94%, 6.95%, 91.89%, 1.16%
13319,70.54%, 14.43%, 84.96%, 0.61%
13321,78.92%, 10.50%, 89.42%, 0.08%
15001,0%,-,-,-
15003,0%,-,-,-
15005,0%,-,-,-
15007,0%,-,-,-
15009,0%,-,-,-
16001,21.61%, 36.85%, 58.46%,-
16003,25.93%, 33.49%, 59.41%,-
16005,41.91%, 28.60%, 70.51%, 0.90%
16007,19.33%, 40.28%, 59.61%, 0.11%
16009,34.78%, 30.92%, 65.70%,-
16011,27.56%, 34.86%, 62.42%,-
16013,29.71%, 34.88%, 64.59%, 0.52%
16015,34.62%, 30.92%, 65.55%,-
16017,25.11%, 33.64%, 58.75%,-
16019,41.43%, 28.42%, 69.85%, 1.73%
16021,26.46%, 33.86%, 60.31%,-
16023,26.93%, 35.90%, 62.83%, 1.27%
16025,22.98%, 37.48%, 60.47%,-
16027,23.24%, 33.75%, 56.99%,-
16029,33.16%, 33.37%, 66.53%, 0.10%
16031,30.66%, 33.96%, 64.62%, 1.42%
16033,5.52%, 52.41%, 46.90%, 0.69%
16035,39.20%, 27.75%, 66.95%,-
16037,24.28%, 37.30%, 61.58%, 1.13%
16039,36.93%, 28.91%, 65.84%,-
16041,23.41%, 38.04%, 61.44%, 0.52%
16043,33.92%, 32.59%, 66.51%, 0.89%
16045,44.53%, 24.64%, 69.17%,-
16047,16.06%, 40.62%, 56.68%,-
16049,31.83%, 31.14%, 62.97%,-
16051,45.01%, 26.84%, 71.84%, 1.32%
16053,28.51%, 34.33%, 62.84%,-
16055,35.18%, 28.74%, 63.92%,-
16057,20.39%, 38.05%, 58.45%,-
16059,26.44%, 35.37%, 61.82%,-
16061,50.97%, 23.39%, 74.35%,-
16063,8.72%, 44.51%, 53.22%,-
16065,37.33%, 31.01%, 68.35%, 0.64%
16067,37.04%, 30.61%, 67.65%, 1.74%
16069,46.55%, 24.90%, 71.45%,-
16071,27.22%, 36.20%, 63.42%, 0.38%
16073,35.07%, 28.94%, 64.00%,-
16075,4.18%, 41.61%, 45.78%,-
16077,20.25%, 39.07%, 59.33%, 1.60%
16079,42.61%, 28.30%, 70.92%, 0.78%
16081,20.72%, 38.47%, 59.19%,-
16083,19.57%, 38.71%, 58.28%,-
16085,34.60%, 29.04%, 63.64%,-
16087,25.67%, 34.70%, 60.38%,-
17001,17.16%, 39.18%, 56.33%, 0.29%
17003,11.21%, 43.89%, 55.10%, 1.01%
17005,6.44%, 51.63%, 45.19%, 3.18%
17007,37.30%, 67.00%, 29.71%, 0.29%
17009,28.18%, 34.97%, 63.16%, 1.87%
17011,4.66%, 51.48%, 46.83%, 1.69%
17013,4.27%, 45.90%, 50.17%, 0.20%
17015,5.55%, 52.38%, 46.83%, 0.79%
17017,28.35%, 35.30%, 63.65%, 1.05%
17019,6.93%, 45.77%, 52.71%, 1.52%
17021,15.86%, 39.69%, 55.55%, 0.52%
17023,3.62%, 47.96%, 51.58%, 0.46%
17025,2.39%, 48.25%, 50.64%, 1.11%
17027,15.27%, 32.78%, 48.05%, 0.49%
17029,15.00%, 42.17%, 57.17%, 0.66%
17031,27.47%, 34.90%, 62.36%, 0.30%
17033,2.82%, 48.13%, 50.95%, 0.93%
17035,4.31%, 47.45%, 51.76%, 0.79%
17037,10.54%, 53.77%, 43.22%, 0.33%
17039,11.01%, 44.20%, 55.21%, 0.58%
17041,4.36%, 47.51%, 51.88%, 0.61%
17043,12.97%, 54.97%, 42.00%, 0.46%
17045,5.99%, 46.51%, 52.50%, 0.99%
17047,11.80%, 55.16%, 43.35%, 1.49%
17049,16.41%, 40.57%, 56.98%, 0.34%
17051,3.03%, 48.01%, 51.04%, 0.96%
17053,9.62%, 53.79%, 44.17%, 2.03%
17055,17.07%, 40.22%, 57.29%, 2.49%
17057,11.67%, 43.25%, 54.92%, 1.83%
17059,29.39%, 34.71%, 64.10%, 1.20%
17061,24.60%, 37.14%, 61.74%, 1.12%
17063,8.63%, 52.63%, 44.00%, 0.14%
17065,11.03%, 44.07%, 55.10%, 0.82%
17067,2.21%, 47.61%, 49.82%, 0.39%
17069,0.60%, 50.06%, 49.46%, 0.47%
17071,3.20%, 51.02%, 47.82%, 1.17%
17073,1.92%, 49.61%, 47.69%, 0.64%
17075,4.34%, 46.05%, 50.39%, 0.24%
17077,1.91%, 50.44%, 48.53%, 1.03%
17079,12.37%, 42.94%, 55.31%, 1.76%
17081,16.70%, 41.26%, 57.96%, 0.78%
17083,13.20%, 42.81%, 56.01%, 1.18%
17085,4.93%, 51.32%, 46.38%, 0.21%
17087,17.19%, 58.46%, 41.27%, 0.26%
17089,8.32%, 52.55%, 44.23%, 0.26%
17091,8.39%, 41.21%, 49.60%, 0.24%
17093,13.36%, 54.86%, 41.50%, 0.05%
17095,3.49%, 50.52%, 47.03%, 0.24%
17097,5.63%, 51.32%, 45.69%, 0.42%
17099,9.15%, 43.44%, 52.59%, 0.37%
17101,9.72%, 44.39%, 54.11%, 1.49%
17103,12.75%, 54.92%, 42.17%, 0.12%
17105,7.92%, 53.12%, 45.20%, 1.69%
17107,5.75%, 46.52%, 52.27%, 1.21%
17109,9.90%, 54.48%, 44.58%, 0.94%
17111,25.86%, 60.56%, 34.70%, 0.22%
17113,11.96%, 43.00%, 54.96%, 2.04%
17115,27.08%, 35.84%, 62.92%, 1.24%
17117,20.87%, 36.76%, 57.62%, 1.95%
17119,30.60%, 33.60%, 64.20%, 2.19%
17121,12.85%, 42.79%, 55.64%, 1.57%
17123,7.80%, 45.67%, 53.47%, 0.86%
17125,21.57%, 38.88%, 60.45%, 0.66%
17127,12.24%, 55.76%, 43.52%, 0.72%
17129,1.35%, 48.86%, 50.22%, 0.92%
17131,2.80%, 50.87%, 48.07%, 1.06%
17133,3.66%, 47.09%, 50.76%, 0.10%
17135,10.50%, 42.92%, 53.43%, 0.82%
17137,5.08%, 47.02%, 52.10%, 0.89%
17139,14.29%, 42.41%, 56.70%, 0.90%
17141,24.44%, 61.60%, 37.15%, 1.25%
17143,30.24%, 33.96%, 64.20%, 1.84%
17145,12.23%, 42.94%, 55.16%, 1.90%
17147,1.90%, 48.77%, 50.66%, 0.57%
17149,18.59%, 40.00%, 58.59%, 1.42%
17151,23.28%, 61.28%, 37.99%, 0.73%
17153,0.39%, 49.37%, 49.76%, 0.88%
17155,0.07%, 49.47%, 49.53%, 1.00%
17157,7.58%, 44.95%, 52.53%, 0.27%
17159,2.68%, 47.57%, 50.26%, 2.17%
17161,24.99%, 36.75%, 61.74%, 1.51%
17163,32.90%, 31.86%, 64.75%, 0.54%
17165,6.11%, 46.16%, 52.27%, 1.57%
17167,4.27%, 46.43%, 50.70%, 0.31%
17169,12.30%, 43.54%, 55.84%, 0.62%
17171,15.18%, 42.14%, 57.32%, 0.54%
17173,16.84%, 40.81%, 57.64%, 1.55%
17175,9.60%, 54.38%, 44.78%, 0.85%
17177,2.92%, 46.59%, 49.51%, 0.48%
17179,34.48%, 32.07%, 66.55%, 1.38%
17181,20.03%, 39.81%, 59.84%, 0.34%
17183,15.10%, 41.56%, 56.65%, 1.79%
17185,18.74%, 39.59%, 58.33%, 2.08%
17187,12.11%, 55.51%, 43.39%, 1.10%
17189,4.75%, 51.20%, 46.45%, 0.32%
17191,1.98%, 48.79%, 50.77%, 0.44%
17193,20.07%, 39.62%, 59.68%, 0.70%
17195,22.05%, 59.62%, 37.57%, 0.17%
17197,5.62%, 45.25%, 50.86%, 0.20%
17199,8.58%, 45.07%, 53.64%, 1.29%
17201,4.08%, 46.30%, 50.38%, 0.60%
17203,2.74%, 48.00%, 50.75%, 1.25%
18001,27.94%, 35.28%, 63.23%, 1.49%
18003,21.75%, 37.44%, 59.19%, 0.26%
18005,13.58%, 42.92%, 56.50%, 0.58%
18007,3.51%, 47.21%, 50.72%, 2.07%
18009,19.20%, 39.82%, 59.02%, 1.16%
18011,8.23%, 45.57%, 53.80%, 0.63%
18013,11.99%, 43.74%, 55.73%, 0.53%
18015,2.73%, 48.28%, 51.01%, 0.71%
18017,10.02%, 43.91%, 53.93%, 2.16%
18019,28.81%, 34.83%, 63.64%, 1.53%
18021,12.94%, 43.15%, 56.09%, 0.77%
18023,6.83%, 46.19%, 53.02%, 0.79%
18025,5.98%, 46.91%, 52.89%, 0.20%
18027,2.89%, 47.95%, 50.84%, 1.21%
18029,15.08%, 41.48%, 56.56%, 1.96%
18031,2.36%, 50.72%, 48.35%, 0.93%
18033,8.61%, 44.89%, 53.50%, 1.60%
18035,14.44%, 42.37%, 56.81%, 0.81%
18037,37.80%, 29.07%, 66.87%, 0.27%
18039,1.39%, 49.05%, 47.65%, 0.42%
18041,6.31%, 46.39%, 52.70%, 0.91%
18043,20.30%, 38.50%, 58.79%, 0.36%
18045,9.25%, 45.20%, 54.45%, 0.35%
18047,13.11%, 41.21%, 54.31%, 0.14%
18049,2.43%, 50.43%, 48.00%, 1.57%
18051,13.85%, 42.36%, 56.21%, 1.44%
18053,7.16%, 44.84%, 52.00%, 0.42%
18055,13.09%, 43.01%, 56.10%, 0.89%
18057,14.97%, 56.90%, 41.93%, 1.17%
18059,17.56%, 41.00%, 58.57%, 0.43%
18061,12.69%, 43.23%, 55.92%, 0.85%
18063,4.86%, 52.05%, 47.19%, 0.76%
18065,5.53%, 46.85%, 52.38%, 0.77%
18067,12.32%, 42.67%, 54.99%, 2.34%
18069,8.52%, 44.75%, 53.26%, 1.99%
18071,23.53%, 37.98%, 61.50%, 0.52%
18073,6.41%, 52.67%, 46.26%, 1.07%
18075,10.88%, 43.73%, 54.61%, 1.66%
18077,5.05%, 52.12%, 47.08%, 0.80%
18079,6.40%, 52.67%, 46.27%, 1.06%
18081,13.13%, 43.11%, 56.24%, 0.65%
18083,22.68%, 38.34%, 61.02%, 0.63%
18085,8.51%, 53.90%, 45.39%, 0.70%
18087,5.03%, 51.72%, 46.69%, 1.59%
18089,33.60%, 32.47%, 66.07%, 1.46%
18091,13.28%, 42.79%, 56.07%, 1.14%
18093,10.56%, 54.91%, 44.35%, 0.74%
18095,24.05%, 37.41%, 61.46%, 1.13%
18097,17.16%, 40.54%, 57.71%, 1.75%
18099,4.11%, 47.17%, 51.28%, 1.56%
18101,6.13%, 46.57%, 52.70%, 0.72%
18103,9.43%, 44.62%, 54.05%, 1.34%
18105,2.09%, 48.82%, 50.91%, 0.27%
18107,4.40%, 47.39%, 51.79%, 0.82%
18109,3.02%, 51.14%, 48.12%, 0.74%
18111,9.38%, 54.31%, 44.93%, 0.76%
18113,1.93%, 48.26%, 50.18%, 1.56%
18115,14.26%, 42.87%, 57.13%,-
18117,5.75%, 52.68%, 46.94%, 0.38%
18119,6.12%, 46.50%, 52.62%, 0.89%
18121,1.53%, 48.89%, 50.42%, 0.69%
18123,13.15%, 41.99%, 55.13%, 0.23%
18125,12.01%, 43.74%, 55.75%, 0.51%
18127,6.02%, 52.60%, 46.58%, 0.82%
18129,28.60%, 34.74%, 63.34%, 1.91%
18131,8.07%, 45.42%, 53.50%, 1.08%
18133,10.85%, 44.27%, 55.12%, 0.62%
18135,1.47%, 50.30%, 48.84%, 0.86%
18137,5.86%, 45.98%, 51.84%, 2.18%
18139,4.71%, 47.45%, 52.17%, 0.38%
18141,24.63%, 36.69%, 61.32%, 1.99%
18143,13.95%, 42.86%, 56.81%, 0.34%
18145,17.16%, 40.95%, 58.11%, 0.94%
18147,4.12%, 47.20%, 51.32%, 1.48%
18149,4.92%, 47.18%, 52.11%, 0.71%
18151,7.90%, 52.99%, 45.09%, 1.92%
18153,36.41%, 30.92%, 67.33%, 1.76%
18155,12.40%, 43.66%, 56.06%, 0.28%
18157,1.34%, 50.08%, 48.74%, 1.18%
18159,10.92%, 43.96%, 54.88%, 1.16%
18161,0.97%, 49.20%, 50.17%, 0.63%
18163,46.89%, 25.79%, 72.68%, 1.52%
18165,24.65%, 37.13%, 61.78%, 1.09%
18167,31.02%, 34.05%, 65.08%, 0.87%
18169,7.51%, 53.02%, 45.51%, 1.47%
18171,10.66%, 55.10%, 44.44%, 0.46%
18173,14.58%, 42.08%, 56.67%, 1.25%
18175,12.69%, 43.50%, 56.19%, 0.31%
18177,5.95%, 45.98%, 51.93%, 2.09%
18179,26.21%, 36.59%, 62.81%, 0.60%
18181,6.68%, 45.89%, 52.57%, 1.54%
18183,12.63%, 43.27%, 55.90%, 0.83%
19001,2.85%, 50.81%, 47.95%, 1.24%
19003,13.36%, 56.06%, 42.69%, 1.25%
19005,3.13%, 46.25%, 49.38%, 0.15%
19007,8.92%, 45.16%, 54.08%, 0.76%
19009,18.91%, 40.14%, 59.05%, 0.80%
19011,14.72%, 41.72%, 56.43%, 1.85%
19013,9.87%, 43.14%, 53.01%, 0.28%
19015,25.54%, 35.34%, 60.88%, 0.73%
19017,21.70%, 38.02%, 59.72%, 0.17%
19019,2.94%, 47.85%, 50.79%, 1.36%
19021,22.23%, 37.95%, 60.18%, 1.87%
19023,2.41%, 47.73%, 50.14%, 2.13%
19025,19.70%, 39.32%, 59.02%, 1.66%
19027,28.81%, 31.03%, 59.84%, 0.10%
19029,13.43%, 56.43%, 43.00%, 0.56%
19031,8.49%, 44.76%, 53.25%, 1.99%
19033,11.77%, 42.71%, 54.48%, 0.17%
19035,23.12%, 36.99%, 60.11%, 0.18%
19037,16.72%, 39.96%, 56.67%, 0.29%
19039,0.80%, 48.85%, 49.65%, 1.50%
19041,25.27%, 36.57%, 61.84%, 1.60%
19043,14.01%, 41.00%, 55.01%, 0.11%
19045,9.78%, 43.47%, 53.25%, 0.12%
19047,23.22%, 36.98%, 60.20%, 0.39%
19049,7.51%, 45.45%, 52.96%, 1.59%
19051,10.26%, 44.59%, 54.86%, 0.55%
19053,10.73%, 44.40%, 55.12%, 0.48%
19055,1.47%, 49.56%, 48.09%, 0.20%
19057,1.58%, 43.06%, 44.64%, 0.78%
19059,18.60%, 40.10%, 58.69%, 1.21%
19061,29.28%, 30.22%, 59.50%, 0.27%
19063,14.10%, 41.84%, 55.94%, 2.21%
19065,9.85%, 43.97%, 53.82%, 2.21%
19067,0.28%, 47.25%, 46.97%, 0.37%
19069,21.82%, 37.73%, 59.55%, 0.34%
19071,13.26%, 43.21%, 56.47%, 0.33%
19073,7.63%, 44.77%, 52.40%, 0.20%
19075,18.83%, 39.62%, 58.45%, 1.92%
19077,6.64%, 51.49%, 44.85%, 0.24%
19079,25.78%, 36.24%, 62.02%, 1.74%
19081,20.29%, 39.00%, 59.28%, 1.72%
19083,11.31%, 43.35%, 54.66%, 1.99%
19085,7.64%, 45.50%, 53.14%, 1.35%
19087,11.34%, 54.17%, 42.82%, 0.31%
19089,12.88%, 41.52%, 54.40%, 0.21%
19091,19.98%, 39.02%, 59.00%, 1.98%
19093,29.31%, 34.39%, 63.70%, 1.91%
19095,10.41%, 43.57%, 53.98%, 0.39%
19097,14.82%, 40.59%, 55.41%, 0.20%
19099,16.95%, 40.81%, 57.76%, 1.42%
19101,4.37%, 50.84%, 46.47%, 0.31%
19103,21.47%, 38.18%, 59.65%, 2.17%
19105,9.74%, 44.26%, 54.00%, 1.74%
19107,6.79%, 45.46%, 52.26%, 0.22%
19109,37.95%, 30.09%, 68.04%, 1.88%
19111,3.49%, 46.36%, 49.85%, 0.23%
19113,1.49%, 48.06%, 49.55%, 0.22%
19115,3.63%, 47.28%, 50.92%, 1.80%
19117,4.86%, 46.25%, 51.11%, 0.50%
19119,22.31%, 38.09%, 60.40%, 1.51%
19121,10.82%, 55.04%, 44.22%, 0.74%
19123,7.03%, 44.94%, 51.97%, 0.62%
19125,14.77%, 41.51%, 56.27%, 0.19%
19127,7.71%, 52.66%, 44.95%, 0.36%
19129,2.63%, 48.40%, 51.02%, 0.58%
19131,12.80%, 41.87%, 54.67%, 0.20%
19133,27.51%, 35.39%, 62.89%, 1.72%
19135,16.14%, 40.22%, 56.36%, 0.56%
19137,5.67%, 52.43%, 46.77%, 0.80%
19139,1.96%, 47.56%, 49.52%, 0.45%
19141,20.77%, 38.90%, 59.67%, 1.43%
19143,28.59%, 34.56%, 63.15%, 0.27%
19145,17.47%, 58.50%, 41.03%, 0.47%
19147,25.94%, 35.63%, 61.57%, 0.22%
19149,16.26%, 36.11%, 52.37%, 0.18%
19151,30.50%, 33.39%, 63.89%, 0.21%
19153,13.16%, 42.56%, 55.72%, 1.72%
19155,13.96%, 42.28%, 56.23%, 1.49%
19157,7.87%, 44.88%, 52.75%, 2.38%
19159,11.69%, 55.31%, 43.62%, 1.07%
19161,12.90%, 42.84%, 55.74%, 1.42%
19163,23.56%, 37.17%, 60.73%, 2.10%
19165,9.40%, 42.40%, 51.80%, 0.10%
19167,9.47%, 42.58%, 52.05%, 0.08%
19169,4.23%, 46.79%, 51.02%, 2.19%
19171,16.39%, 41.11%, 57.50%, 1.39%
19173,10.71%, 54.94%, 44.23%, 0.83%
19175,8.15%, 53.42%, 45.27%, 1.31%
19177,11.38%, 55.05%, 43.66%, 1.29%
19179,15.83%, 41.31%, 57.14%, 1.55%
19181,7.17%, 52.72%, 45.55%, 1.73%
19183,2.63%, 50.66%, 48.03%, 1.32%
19185,2.27%, 48.43%, 50.70%, 0.87%
19187,19.74%, 37.81%, 57.56%, 0.33%
19189,9.13%, 43.73%, 52.86%, 0.34%
19191,13.34%, 40.15%, 53.48%, 0.27%
19193,29.51%, 32.92%, 62.43%, 0.43%
19195,20.30%, 39.41%, 59.71%, 0.88%
19197,21.42%, 38.01%, 59.44%, 0.17%
20001,22.14%, 61.05%, 38.90%, 0.05%
20003,10.84%, 54.64%, 43.80%, 1.57%
20005,4.53%, 47.60%, 52.12%, 0.28%
20007,20.79%, 39.41%, 60.20%, 0.39%
20009,25.68%, 37.13%, 62.81%, 0.05%
20011,2.81%, 48.58%, 51.38%, 0.04%
20013,24.88%, 62.38%, 37.50%, 0.12%
20015,19.85%, 39.99%, 59.84%, 0.17%
20017,2.89%, 48.42%, 51.31%, 0.27%
20019,9.26%, 54.49%, 45.23%, 0.28%
20021,18.27%, 40.61%, 58.88%, 0.51%
20023,14.77%, 42.43%, 57.20%, 0.38%
20025,23.66%, 38.13%, 61.79%, 0.08%
20027,1.20%, 50.45%, 49.25%, 0.30%
20029,3.85%, 47.90%, 51.75%, 0.35%
20031,18.82%, 59.29%, 40.47%, 0.24%
20033,20.99%, 39.44%, 60.43%, 0.13%
20035,12.60%, 43.51%, 56.12%, 0.37%
20037,20.23%, 39.73%, 59.96%, 0.31%
20039,15.47%, 42.08%, 57.55%, 0.37%
20041,5.52%, 52.61%, 47.09%, 0.30%
20043,15.89%, 57.80%, 41.91%, 0.29%
20045,25.13%, 62.21%, 37.07%, 0.72%
20047,17.50%, 41.21%, 58.71%, 0.09%
20049,6.69%, 53.24%, 46.55%, 0.20%
20051,49.65%, 25.07%, 74.73%, 0.20%
20053,18.44%, 40.71%, 59.15%, 0.14%
20055,17.97%, 40.87%, 58.84%, 0.29%
20057,22.42%, 38.69%, 61.11%, 0.19%
20059,14.27%, 57.00%, 42.73%, 0.27%
20061,11.01%, 44.38%, 55.39%, 0.22%
20063,0.76%, 49.75%, 48.99%, 1.26%
20065,8.49%, 45.66%, 54.15%, 0.19%
20067,12.82%, 43.59%, 56.41%,-
20069,31.24%, 34.34%, 65.57%, 0.09%
20071,1.02%, 50.45%, 49.43%, 0.13%
20073,0.36%, 49.68%, 50.04%, 0.28%
20075,10.21%, 44.55%, 54.76%, 0.68%
20077,16.23%, 41.70%, 57.93%, 0.38%
20079,9.16%, 45.28%, 54.44%, 0.28%
20081,17.21%, 41.35%, 58.56%, 0.09%
20083,19.58%, 40.13%, 59.71%, 0.15%
20085,5.96%, 52.88%, 46.92%, 0.20%
20087,8.86%, 54.25%, 45.39%, 0.37%
20089,16.04%, 57.76%, 41.72%, 0.53%
20091,15.74%, 57.71%, 41.97%, 0.32%
20093,9.90%, 44.63%, 54.53%, 0.84%
20095,29.50%, 35.14%, 64.64%, 0.23%
20097,5.06%, 47.32%, 52.38%, 0.30%
20099,9.78%, 44.91%, 54.69%, 0.40%
20101,10.98%, 43.77%, 54.75%, 1.48%
20103,3.23%, 51.39%, 48.17%, 0.44%
20105,4.93%, 47.42%, 52.35%, 0.24%
20107,18.07%, 58.78%, 40.72%, 0.50%
20109,2.52%, 51.15%, 48.63%, 0.21%
20111,9.94%, 44.73%, 54.67%, 0.60%
20113,13.69%, 42.95%, 56.64%, 0.42%
20115,0.26%, 49.67%, 49.93%, 0.40%
20117,6.17%, 52.98%, 46.81%, 0.21%
20119,6.73%, 46.58%, 53.31%, 0.11%
20121,0.81%, 50.33%, 49.52%, 0.15%
20123,8.31%, 45.51%, 53.82%, 0.67%
20125,0.13%, 49.92%, 49.79%, 0.29%
20127,0.97%, 49.32%, 50.29%, 0.39%
20129,15.78%, 41.81%, 57.59%, 0.59%
20131,3.33%, 47.76%, 51.09%, 1.15%
20133,1.45%, 50.55%, 49.09%, 0.36%
20135,21.07%, 39.19%, 60.26%, 0.54%
20137,10.12%, 54.83%, 44.71%, 0.47%
20139,0.09%, 49.87%, 49.78%, 0.35%
20141,11.35%, 55.54%, 44.19%, 0.26%
20143,11.03%, 44.31%, 55.33%, 0.36%
20145,23.19%, 38.31%, 61.49%, 0.20%
20147,19.39%, 59.59%, 40.20%, 0.21%
20149,9.37%, 53.76%, 44.39%, 1.85%
20151,33.04%, 33.40%, 66.43%, 0.17%
20153,19.54%, 40.07%, 59.61%, 0.32%
20155,24.44%, 37.59%, 62.03%, 0.38%
20157,5.54%, 52.61%, 47.07%, 0.32%
20159,19.25%, 40.24%, 59.49%, 0.27%
20161,19.19%, 59.11%, 39.92%, 0.96%
20163,1.94%, 49.03%, 50.97%,-
20165,17.75%, 41.08%, 58.83%, 0.09%
20167,24.98%, 37.45%, 62.43%, 0.12%
20169,12.95%, 43.35%, 56.30%, 0.36%
20171,27.32%, 36.25%, 63.57%, 0.17%
20173,29.09%, 35.29%, 64.39%, 0.32%
20175,28.59%, 35.64%, 64.23%, 0.13%
20177,7.36%, 46.13%, 53.49%, 0.38%
20179,17.39%, 40.26%, 57.66%, 2.08%
20181,21.62%, 38.26%, 59.89%, 1.85%
20183,7.23%, 53.48%, 46.25%, 0.28%
20185,24.62%, 37.50%, 62.12%, 0.39%
20187,19.09%, 40.39%, 59.48%, 0.13%
20189,18.61%, 40.52%, 59.13%, 0.35%
20191,23.34%, 38.23%, 61.57%, 0.21%
20193,28.57%, 35.42%, 63.99%, 0.59%
20195,27.43%, 36.00%, 63.43%, 0.57%
20197,11.35%, 55.52%, 44.18%, 0.30%
20199,14.30%, 56.68%, 42.38%, 0.95%
20201,17.75%, 58.70%, 40.95%, 0.34%
20203,17.32%, 41.06%, 58.39%, 0.55%
20205,11.66%, 55.59%, 43.93%, 0.48%
20207,11.45%, 55.49%, 44.04%, 0.47%
20209,18.36%, 40.62%, 58.98%, 0.40%
21001,11.60%, 55.72%, 44.12%, 0.17%
21003,11.77%, 55.77%, 44.00%, 0.24%
21005,28.60%, 35.56%, 64.16%, 0.29%
21007,63.91%, 17.96%, 81.87%, 0.16%
21009,20.97%, 39.37%, 60.34%, 0.29%
21011,23.62%, 38.08%, 61.70%, 0.22%
21013,12.24%, 43.71%, 55.95%, 0.33%
21015,44.52%, 26.62%, 71.14%, 0.15%
21017,22.01%, 38.83%, 60.84%, 0.33%
21019,18.87%, 40.32%, 59.19%, 0.49%
21021,25.99%, 36.80%, 62.79%, 0.41%
21023,15.10%, 41.70%, 56.79%, 1.51%
21025,37.88%, 30.96%, 68.85%, 0.19%
21027,5.38%, 46.55%, 51.94%, 1.51%
21029,58.26%, 20.63%, 78.89%, 0.48%
21031,35.38%, 67.64%, 32.26%, 0.10%
21033,11.92%, 43.75%, 55.67%, 0.58%
21035,70.83%, 14.51%, 85.34%, 0.15%
21037,21.37%, 34.20%, 55.57%, 0.35%
21039,66.54%, 16.15%, 82.69%, 1.15%
21041,54.24%, 22.39%, 76.63%, 0.99%
21043,12.41%, 55.98%, 43.57%, 0.45%
21045,30.05%, 64.84%, 34.78%, 0.38%
21047,10.72%, 44.64%, 55.36%,-
21049,32.29%, 33.73%, 66.02%, 0.26%
21051,44.44%, 72.22%, 27.78%,-
21053,50.77%, 75.39%, 24.61%,-
21055,11.77%, 55.79%, 44.02%, 0.18%
21057,38.89%, 69.40%, 30.51%, 0.10%
21059,34.67%, 30.21%, 64.88%, 0.01%
21061,31.01%, 65.44%, 34.43%, 0.13%
21063,52.45%, 23.77%, 76.23%,-
21065,5.10%, 52.43%, 47.33%, 0.23%
21067,11.02%, 44.10%, 55.12%, 0.78%
21069,2.30%, 48.66%, 50.96%, 0.37%
21071,40.46%, 29.77%, 70.23%,-
21073,51.01%, 24.34%, 75.35%, 0.31%
21075,65.07%, 17.28%, 82.35%, 0.38%
21077,56.11%, 21.55%, 77.65%, 0.80%
21079,0.53%, 49.66%, 50.19%, 0.15%
21081,30.64%, 34.35%, 64.99%, 0.66%
21083,68.13%, 15.29%, 83.43%, 1.28%
21085,4.12%, 51.87%, 47.75%, 0.37%
21087,8.49%, 54.17%, 45.69%, 0.14%
21089,8.23%, 45.88%, 54.12%,-
21091,9.50%, 44.90%, 54.40%, 0.70%
21093,32.23%, 33.52%, 65.75%, 0.73%
21095,19.12%, 40.44%, 59.56%,-
21097,42.64%, 28.56%, 71.20%, 0.24%
21099,2.98%, 48.33%, 51.31%, 0.35%
21101,56.88%, 20.50%, 77.38%, 2.12%
21103,40.06%, 29.93%, 69.99%, 0.08%
21105,73.27%, 13.04%, 86.31%, 0.64%
21107,38.79%, 30.43%, 69.22%, 0.35%
21109,78.18%, 89.05%, 10.87%, 0.08%
21111,22.97%, 37.26%, 60.23%, 0.30%
21113,15.24%, 42.15%, 57.38%, 0.47%
21115,16.14%, 57.94%, 41.80%, 0.26%
21117,37.48%, 25.63%, 63.11%, 0.39%
21119,60.26%, 19.87%, 80.13%,-
21121,18.00%, 58.97%, 40.97%, 0.06%
21123,33.29%, 33.20%, 66.48%, 0.32%
21125,28.33%, 64.08%, 35.76%, 0.16%
21127,3.77%, 48.04%, 51.81%, 0.15%
21129,11.43%, 55.69%, 44.25%, 0.06%
21131,62.87%, 81.39%, 18.52%, 0.09%
21133,23.40%, 38.24%, 61.65%, 0.11%
21135,24.16%, 61.92%, 37.76%, 0.32%
21137,5.33%, 47.04%, 52.37%, 0.59%
21139,29.11%, 35.26%, 64.37%, 0.37%
21141,45.96%, 26.86%, 72.82%, 0.31%
21143,33.30%, 33.19%, 66.49%, 0.32%
21145,53.49%, 22.85%, 76.33%, 0.82%
21147,45.42%, 72.57%, 27.16%, 0.27%
21149,29.85%, 34.49%, 64.35%, 1.16%
21151,1.82%, 48.76%, 50.58%, 0.66%
21153,0.45%, 50.17%, 49.72%, 0.12%
21155,38.07%, 30.45%, 68.52%, 1.03%
21157,50.41%, 24.68%, 75.09%, 0.24%
21159,42.73%, 71.35%, 28.62%, 0.04%
21161,14.89%, 41.63%, 56.52%, 1.85%
21163,44.40%, 26.47%, 70.87%, 0.20%
21165,33.45%, 33.16%, 66.61%, 0.24%
21167,25.62%, 36.97%, 62.59%, 0.44%
21169,0.82%, 50.34%, 49.52%, 0.14%
21171,26.79%, 63.28%, 36.48%, 0.24%
21173,22.15%, 38.65%, 60.79%, 0.56%
21175,43.85%, 28.01%, 71.86%, 0.13%
21177,20.86%, 39.22%, 60.08%, 0.71%
21179,36.51%, 30.09%, 66.59%, 0.36%
21181,28.95%, 35.28%, 64.23%, 0.50%
21183,5.84%, 52.77%, 46.92%, 0.31%
21185,45.10%, 27.20%, 72.30%, 0.50%
21187,67.18%, 16.26%, 83.44%, 0.30%
21189,66.07%, 83.02%, 16.95%, 0.04%
21191,13.80%, 42.61%, 56.41%, 0.97%
21193,19.00%, 40.45%, 59.45%, 0.10%
21195,16.18%, 41.88%, 58.06%, 0.06%
21197,8.51%, 45.43%, 53.94%, 0.64%
21199,23.23%, 61.51%, 38.28%, 0.20%
21201,28.44%, 35.50%, 63.93%, 0.57%
21203,42.38%, 71.19%, 28.81%,-
21205,8.20%, 45.79%, 53.99%, 0.22%
21207,36.87%, 68.21%, 31.34%, 0.46%
21209,36.06%, 31.88%, 67.93%, 0.19%
21211,39.35%, 30.05%, 69.40%, 0.55%
21213,41.75%, 28.97%, 70.72%, 0.30%
21215,43.98%, 27.81%, 71.80%, 0.39%
21217,0.11%, 49.87%, 49.76%, 0.36%
21219,43.32%, 28.21%, 71.53%, 0.26%
21221,31.49%, 34.04%, 65.53%, 0.43%
21223,71.25%, 13.91%, 85.16%, 0.92%
21225,64.79%, 16.68%, 81.47%, 1.85%
21227,30.09%, 34.74%, 64.83%, 0.43%
21229,2.53%, 48.37%, 50.90%, 0.73%
21231,6.90%, 53.36%, 46.46%, 0.18%
21233,41.30%, 29.20%, 70.49%, 0.31%
21235,28.68%, 64.27%, 35.59%, 0.13%
21237,23.73%, 38.13%, 61.87%,-
21239,24.55%, 37.65%, 62.20%, 0.14%
22001,82.16%, 8.92%, 91.08%,-
22003,74.40%, 12.80%, 87.20%,-
22005,74.13%, 12.92%, 87.05%, 0.04%
22007,21.89%, 60.94%, 39.06%,-
22009,81.40%, 9.30%, 90.70%,-
22011,59.78%, 20.11%, 79.89%,-
22013,84.79%, 7.59%, 92.38%, 0.04%
22015,82.12%, 8.89%, 91.01%, 0.09%
22017,75.48%, 12.25%, 87.72%, 0.03%
22019,71.45%, 14.19%, 85.63%, 0.18%
22021,70.73%, 14.63%, 85.37%,-
22023,97.05%,-, 98.52%, 1.48%
22025,86.58%, 6.71%, 93.29%,-
22027,89.16%, 5.39%, 94.54%, 0.07%
22029,90.34%, 4.79%, 95.13%, 0.08%
22031,92.35%, 3.83%, 96.17%,-
22033,80.53%, 9.74%, 90.26%,-
22035,79.03%, 10.49%, 89.51%,-
22037,82.40%, 8.80%, 91.20%,-
22039,82.65%, 8.68%, 91.32%,-
22041,85.25%, 7.25%, 92.50%, 0.25%
22043,56.66%, 21.67%, 78.33%,-
22045,35.54%, 32.23%, 67.77%,-
22047,76.26%, 11.87%, 88.13%,-
22049,82.89%, 8.55%, 91.45%,-
22051,85.50%, 7.22%, 92.72%, 0.06%
22053,61.70%, 19.15%, 80.85%,-
22055,87.45%, 6.28%, 93.72%,-
22057,14.76%, 42.59%, 57.36%, 0.05%
22059,73.04%, 13.48%, 86.52%,-
22061,82.89%, 8.53%, 91.43%, 0.04%
22063,65.91%, 17.04%, 82.96%,-
22065,87.72%, 6.14%, 93.86%,-
22067,87.13%, 6.40%, 93.53%, 0.07%
22069,74.76%, 12.62%, 87.38%,-
22071,82.65%, 8.67%, 91.32%, 0.01%
22073,74.55%, 12.72%, 87.28%,-
22075,91.84%, 4.08%, 95.92%,-
22077,84.89%, 7.56%, 92.44%,-
22079,72.89%, 13.55%, 86.45%,-
22081,85.11%, 7.45%, 92.55%,-
22083,87.12%, 6.36%, 93.48%, 0.15%
22085,70.86%, 14.55%, 85.41%, 0.03%
22087,97.82%,-, 98.91%, 1.09%
22089,87.99%, 6.00%, 94.00%,-
22091,84.32%, 7.84%, 92.16%,-
22093,71.76%, 14.12%, 85.88%,-
22095,73.85%, 13.07%, 86.93%,-
22097,85.49%, 7.25%, 92.75%,-
22099,92.70%, 3.65%, 96.35%,-
22101,59.90%, 20.05%, 79.95%,-
22103,70.82%, 14.59%, 85.41%,-
22105,54.17%, 22.90%, 77.07%, 0.03%
22107,94.49%, 2.75%, 97.25%,-
22109,56.53%, 21.74%, 78.26%,-
22111,73.46%, 13.27%, 86.73%,-
22113,78.35%, 10.66%, 89.02%, 0.32%
22115,50.56%, 24.65%, 75.21%, 0.13%
