statecounty,9.95%, 44.77%, 54.72%, 0.50%
01001,87.94%, 5.69%, 93.62%, 0.69%
01003,58.95%, 17.62%, 76.58%, 0.91%
01005,92.17%, 3.71%, 95.88%, 0.41%
01007,81.91%, 8.60%, 90.51%, 0.89%
01009,52.46%, 23.25%, 75.71%, 1.03%
01011,97.27%,-, 98.64%, 1.36%
01013,96.13%,-, 97.99%, 2.01%
01015,74.21%, 12.72%, 86.93%, 0.35%
01017,94.58%, 2.58%, 97.16%, 0.26%
01019,74.29%, 12.66%, 86.94%, 0.40%
01021,15.81%, 41.99%, 57.80%, 0.21%
01023,93.03%, 3.48%, 96.52%,-
01025,97.45%,-, 98.71%, 1.29%
01027,42.97%, 28.25%, 71.22%, 0.53%
01029,51.71%, 24.00%, 75.72%, 0.28%
01031,87.77%, 6.12%, 93.88%,-
01033,83.12%, 8.35%, 91.47%, 0.18%
01035,95.63%, 2.08%, 97.71%, 0.21%
01037,61.42%, 18.90%, 80.32%, 0.78%
01039,92.23%, 3.86%, 96.08%, 0.06%
01041,93.62%, 3.03%, 96.65%, 0.32%
01043,29.31%, 35.19%, 64.51%, 0.30%
01045,74.23%, 12.80%, 87.03%, 0.17%
01047,90.29%, 4.81%, 95.10%, 0.09%
01049,31.75%, 34.02%, 65.77%, 0.21%
01051,93.28%, 3.26%, 96.54%, 0.20%
01053,90.33%, 4.70%, 95.03%, 0.27%
01055,69.06%, 15.27%, 84.33%, 0.40%
01057,47.54%, 25.88%, 73.42%, 0.70%
01059,27.72%, 35.95%, 63.67%, 0.38%
01061,74.81%, 12.37%, 87.19%, 0.44%
01063,84.14%, 7.93%, 92.07%,-
01065,96.29%,-, 98.14%, 1.86%
01067,93.11%, 3.40%, 96.50%, 0.10%
01069,77.90%, 10.88%, 88.78%, 0.34%
01071,60.21%, 19.80%, 80.01%, 0.19%
01073,69.08%, 15.26%, 84.34%, 0.40%
01075,80.96%, 9.32%, 90.28%, 0.41%
01077,81.31%, 9.04%, 90.35%, 0.61%
01079,64.90%, 17.33%, 82.23%, 0.43%
01081,92.11%, 3.85%, 95.96%, 0.19%
01083,93.46%, 3.12%, 96.58%, 0.30%
01085,97.82%,-, 98.86%, 1.14%
01087,93.62%, 3.15%, 96.77%, 0.08%
01089,81.16%, 9.28%, 90.44%, 0.28%
01091,93.97%, 2.97%, 96.94%, 0.08%
01093,41.28%, 28.37%, 69.64%, 1.99%
01095,63.58%, 17.98%, 81.55%, 0.47%
01097,71.10%, 13.99%, 85.08%, 0.93%
01099,96.84%,-, 98.17%, 1.83%
01101,95.75%,-, 97.74%, 2.26%
01103,82.43%, 8.51%, 90.93%, 0.56%
01105,94.66%, 2.51%, 97.17%, 0.32%
01107,84.49%, 7.51%, 92.00%, 0.48%
01109,92.13%, 3.81%, 95.94%, 0.25%
01111,56.23%, 21.69%, 77.92%, 0.39%
01113,96.02%,-, 97.95%, 2.05%
01115,22.91%, 38.27%, 61.18%, 0.55%
01117,49.41%, 25.20%, 74.61%, 0.19%
01119,93.59%, 3.17%, 96.76%, 0.07%
01121,76.04%, 11.84%, 87.88%, 0.29%
01123,93.54%, 3.11%, 96.65%, 0.25%
01125,87.02%, 6.33%, 93.35%, 0.33%
01127,49.34%, 25.18%, 74.52%, 0.30%
01129,91.61%, 4.04%, 95.65%, 0.30%
01131,97.43%,-, 98.71%, 1.29%
01133,9.45%, 54.55%, 45.10%, 0.36%
02013,0%,-,-,-
02016,0%,-,-,-
02020,0%,-,-,-
02050,0%,-,-,-
02060,0%,-,-,-
02068,0%,-,-,-
02070,0%,-,-,-
02090,0%,-,-,-
02100,0%,-,-,-
02105,0%,-,-,-
02110,0%,-,-,-
02122,0%,-,-,-
02130,0%,-,-,-
02150,0%,-,-,-
02164,0%,-,-,-
02170,0%,-,-,-
02180,0%,-,-,-
02185,0%,-,-,-
02188,0%,-,-,-
02195,0%,-,-,-
02198,0%,-,-,-
02220,0%,-,-,-
02230,0%,-,-,-
02240,0%,-,-,-
02261,0%,-,-,-
02270,0%,-,-,-
02275,0%,-,-,-
02282,0%,-,-,-
02290,0%,-,-,-
04001,35.99%, 31.95%, 67.94%, 0.10%
04003,46.68%, 26.53%, 73.21%, 0.27%
04005,22.46%, 38.64%, 61.10%, 0.26%
04007,37.21%, 31.21%, 68.42%, 0.37%
04009,45.68%, 26.94%, 72.62%, 0.44%
04011,55.51%, 22.08%, 77.60%, 0.32%
04012,0%,-,-,-
04013,21.43%, 38.93%, 60.36%, 0.71%
04015,25.62%, 37.16%, 62.78%, 0.06%
04017,33.04%, 33.35%, 66.39%, 0.26%
04019,19.48%, 40.09%, 59.57%, 0.35%
04021,37.56%, 31.05%, 68.61%, 0.34%
04023,22.18%, 38.87%, 61.05%, 0.08%
04025,21.69%, 38.78%, 60.46%, 0.76%
04027,37.61%, 31.01%, 68.61%, 0.38%
05001,51.18%, 23.69%, 74.87%, 1.44%
05003,81.61%, 9.10%, 90.71%, 0.20%
05005,27.31%, 36.09%, 63.39%, 0.52%
05007,10.73%, 43.86%, 54.59%, 1.54%
05009,44.20%, 27.40%, 71.59%, 1.01%
05011,87.90%, 5.95%, 93.85%, 0.19%
05013,89.79%, 5.10%, 94.90%,-
05015,19.46%, 40.23%, 59.69%, 0.07%
05017,81.54%, 9.17%, 90.71%, 0.11%
05019,72.93%, 13.36%, 86.29%, 0.34%
05021,23.28%, 37.03%, 60.31%,-
05023,37.77%, 30.71%, 68.47%, 0.82%
05025,88.84%, 5.53%, 94.37%, 0.10%
05027,87.57%, 6.15%, 93.72%, 0.12%
05029,76.71%, 11.62%, 88.33%, 0.04%
05031,55.49%, 21.94%, 77.43%, 0.63%
05033,38.40%, 29.81%, 68.21%, 1.98%
05035,92.84%, 3.53%, 96.37%, 0.10%
05037,71.79%, 14.00%, 85.80%, 0.20%
05039,80.23%, 8.04%, 88.28%,-
05041,80.21%, 9.57%, 89.78%, 0.66%
05043,77.90%, 10.06%, 87.95%, 1.99%
05045,65.75%, 16.93%, 82.68%, 0.39%
05047,66.70%, 16.60%, 83.30%, 0.10%
05049,42.69%, 28.15%, 70.84%, 1.01%
05051,40.05%, 29.84%, 69.89%, 0.27%
05053,73.40%, 13.30%, 86.70%,-
05055,62.52%, 18.65%, 81.17%, 0.18%
05057,74.30%, 12.85%, 87.15%,-
05059,56.29%, 21.74%, 78.03%, 0.23%
05061,56.82%, 21.24%, 78.05%, 0.71%
05063,41.86%, 28.82%, 70.68%, 0.50%
05065,48.53%, 25.67%, 74.19%, 0.14%
05067,70.05%, 14.54%, 84.59%, 0.88%
05069,73.20%, 13.25%, 86.45%, 0.29%
05071,63.27%, 18.11%, 81.38%, 0.51%
05073,77.67%, 10.35%, 88.02%, 1.63%
05075,48.57%, 25.36%, 73.93%, 0.71%
05077,81.77%, 8.99%, 90.76%, 0.25%
05079,79.71%, 9.66%, 89.37%, 0.98%
05081,59.48%, 19.83%, 79.31%, 0.86%
05083,45.33%, 27.34%, 72.66%,-
05085,70.83%, 14.52%, 85.35%, 0.13%
05087,2.07%, 48.91%, 50.97%, 0.12%
05089,45.30%, 26.64%, 71.94%, 1.42%
05091,68.24%, 15.64%, 83.88%, 0.47%
05093,78.78%, 10.46%, 89.24%, 0.31%
05095,84.11%, 7.88%, 92.00%, 0.12%
05097,43.19%, 28.23%, 71.42%, 0.35%
05099,72.09%, 13.74%, 85.83%, 0.43%
05101,7.26%, 53.17%, 45.91%, 0.92%
05103,82.31%, 8.77%, 91.08%, 0.15%
05105,58.28%, 20.81%, 79.09%, 0.10%
05107,80.24%, 9.88%, 90.12%,-
05109,39.03%, 30.09%, 69.13%, 0.78%
05111,72.00%, 13.91%, 85.90%, 0.19%
05113,36.06%, 31.49%, 67.55%, 0.97%
05115,65.67%, 16.88%, 82.55%, 0.57%
05117,52.06%, 23.86%, 75.92%, 0.21%
05119,65.37%, 17.15%, 82.52%, 0.33%
05121,55.67%, 21.75%, 77.42%, 0.83%
05123,78.09%, 10.14%, 88.23%, 1.64%
05125,75.03%, 12.17%, 87.21%, 0.62%
05127,47.23%, 26.09%, 73.32%, 0.59%
05129,13.61%, 56.72%, 43.11%, 0.18%
05131,45.28%, 27.16%, 72.44%, 0.40%
05133,64.54%, 17.49%, 82.03%, 0.48%
05135,43.33%, 28.17%, 71.50%, 0.33%
05137,22.52%, 38.41%, 60.93%, 0.66%
05139,81.44%, 9.15%, 90.59%, 0.26%
05141,45.31%, 27.35%, 72.65%,-
05143,22.19%, 38.29%, 60.48%, 1.22%
05145,58.16%, 20.64%, 78.80%, 0.57%
05147,73.40%, 13.03%, 86.43%, 0.54%
05149,81.56%, 9.08%, 90.64%, 0.28%
06001,11.64%, 43.56%, 55.21%, 1.23%
06003,33.51%, 66.49%, 32.98%, 0.53%
06005,33.29%, 32.85%, 66.14%, 1.01%
06007,17.70%, 40.46%, 58.15%, 1.39%
06009,18.52%, 40.39%, 58.90%, 0.71%
06011,19.74%, 39.74%, 59.48%, 0.78%
06013,24.53%, 37.22%, 61.75%, 1.03%
06015,8.64%, 53.56%, 44.92%, 1.52%
06017,34.07%, 32.37%, 66.44%, 1.19%
06019,39.27%, 29.79%, 69.07%, 1.14%
06021,11.05%, 43.92%, 54.96%, 1.12%
06023,12.98%, 43.00%, 55.98%, 1.02%
06025,5.94%, 46.59%, 52.53%, 0.88%
06027,10.12%, 44.53%, 54.65%, 0.81%
06029,24.47%, 37.30%, 61.78%, 0.92%
06031,35.68%, 31.75%, 67.43%, 0.83%
06033,7.66%, 53.36%, 45.70%, 0.94%
06035,39.05%, 30.13%, 69.17%, 0.70%
06037,17.56%, 40.58%, 58.13%, 1.29%
06039,36.41%, 31.20%, 67.61%, 1.19%
06041,1.73%, 48.47%, 50.20%, 1.33%
06043,29.97%, 34.47%, 64.44%, 1.10%
06045,13.60%, 42.53%, 56.13%, 1.34%
06047,26.22%, 36.35%, 62.57%, 1.08%
06049,23.72%, 37.77%, 61.49%, 0.74%
06051,6.43%, 46.13%, 52.56%, 1.31%
06053,10.99%, 44.01%, 55.00%, 0.99%
06055,6.59%, 46.09%, 52.68%, 1.23%
06057,33.33%, 32.69%, 66.01%, 1.30%
06059,12.05%, 55.49%, 43.44%, 1.06%
06061,36.31%, 31.26%, 67.56%, 1.18%
06063,45.32%, 26.79%, 72.11%, 1.10%
06065,4.19%, 51.39%, 47.20%, 1.41%
06067,37.33%, 30.76%, 68.09%, 1.15%
06069,0.70%, 49.29%, 49.99%, 0.72%
06071,10.18%, 44.30%, 54.47%, 1.23%
06073,12.30%, 43.27%, 55.57%, 1.16%
06075,20.25%, 39.26%, 59.51%, 1.23%
06077,6.20%, 46.34%, 52.55%, 1.11%
06079,8.13%, 45.25%, 53.39%, 1.36%
06081,5.78%, 46.60%, 52.38%, 1.02%
06083,9.88%, 44.53%, 54.41%, 1.05%
06085,0.43%, 49.20%, 49.63%, 1.16%
06087,3.42%, 50.93%, 47.51%, 1.56%
06089,37.33%, 30.70%, 68.03%, 1.27%
06091,34.60%, 32.38%, 66.98%, 0.63%
06093,27.24%, 35.92%, 63.17%, 0.91%
06095,42.07%, 28.51%, 70.58%, 0.90%
06097,4.91%, 51.94%, 47.04%, 1.02%
06099,5.33%, 46.63%, 51.96%, 1.41%
06101,15.06%, 42.06%, 57.11%, 0.83%
06103,10.64%, 43.95%, 54.59%, 1.46%
06105,29.04%, 34.79%, 63.83%, 1.38%
06107,13.11%, 42.85%, 55.96%, 1.19%
06109,27.33%, 35.63%, 62.96%, 1.40%
06111,14.86%, 42.15%, 57.00%, 0.85%
06113,18.49%, 40.29%, 58.78%, 0.93%
06115,30.33%, 34.24%, 64.57%, 1.19%
08001,0.98%, 50.16%, 49.18%, 0.65%
08003,4.73%, 47.39%, 52.12%, 0.49%
08005,2.66%, 50.89%, 48.24%, 0.87%
08007,7.73%, 53.71%, 45.98%, 0.31%
08009,14.43%, 56.53%, 42.10%, 1.37%
08011,3.81%, 51.67%, 47.86%, 0.46%
08013,7.51%, 53.22%, 45.71%, 1.07%
08014,0%,-,-,-
08015,5.34%, 46.91%, 52.24%, 0.85%
08017,9.34%, 54.43%, 45.09%, 0.48%
08019,11.41%, 44.15%, 55.55%, 0.30%
08021,10.01%, 44.81%, 54.82%, 0.38%
08023,20.28%, 39.40%, 59.68%, 0.91%
08025,24.95%, 62.21%, 37.26%, 0.53%
08027,15.91%, 57.37%, 41.46%, 1.17%
08029,15.46%, 57.07%, 41.61%, 1.31%
08031,5.54%, 46.91%, 52.45%, 0.64%
08033,11.34%, 54.75%, 43.41%, 1.83%
08035,23.58%, 61.57%, 38.00%, 0.43%
08037,15.48%, 42.00%, 57.49%, 0.51%
08039,30.44%, 65.04%, 34.59%, 0.37%
08041,11.37%, 55.31%, 43.94%, 0.76%
08043,10.26%, 54.82%, 44.56%, 0.62%
08045,14.88%, 57.18%, 42.30%, 0.51%
08047,2.12%, 48.65%, 50.77%, 0.59%
08049,10.84%, 55.19%, 44.35%, 0.46%
08051,6.42%, 46.43%, 52.85%, 0.72%
08053,18.43%, 58.82%, 40.39%, 0.78%
08055,18.35%, 40.65%, 59.00%, 0.36%
08057,19.03%, 59.23%, 40.20%, 0.56%
08059,6.23%, 52.81%, 46.59%, 0.60%
08061,24.34%, 61.86%, 37.52%, 0.63%
08063,38.23%, 68.69%, 30.45%, 0.86%
08065,18.96%, 40.30%, 59.26%, 0.43%
08067,15.36%, 57.39%, 42.03%, 0.58%
08069,25.03%, 62.15%, 37.12%, 0.73%
08071,28.57%, 35.53%, 64.10%, 0.37%
08073,19.91%, 59.57%, 39.66%, 0.77%
08075,23.87%, 61.38%, 37.51%, 1.10%
08077,4.33%, 47.27%, 51.60%, 1.13%
08079,8.66%, 45.08%, 53.74%, 1.18%
08081,19.03%, 59.23%, 40.20%, 0.57%
08083,18.95%, 59.25%, 40.29%, 0.46%
08085,10.66%, 54.62%, 43.95%, 1.43%
08087,29.39%, 64.30%, 34.91%, 0.79%
08089,8.84%, 54.11%, 45.27%, 0.61%
08091,1.42%, 49.12%, 50.54%, 0.33%
08093,6.29%, 52.98%, 46.70%, 0.32%
08095,11.58%, 54.30%, 42.72%, 2.98%
08097,1.90%, 48.50%, 50.40%, 1.10%
08099,14.72%, 56.87%, 42.16%, 0.97%
08101,13.95%, 42.84%, 56.79%, 0.38%
08103,31.49%, 65.49%, 34.00%, 0.51%
08105,15.55%, 57.40%, 41.85%, 0.75%
08107,11.22%, 44.07%, 55.29%, 0.64%
08109,12.16%, 55.57%, 43.41%, 1.03%
08111,8.87%, 54.20%, 45.32%, 0.48%
08113,7.69%, 45.94%, 53.62%, 0.44%
08115,20.21%, 59.86%, 39.64%, 0.50%
08117,5.96%, 46.78%, 52.73%, 0.49%
08119,24.20%, 37.60%, 61.80%, 0.59%
08121,25.86%, 62.63%, 36.77%, 0.60%
08123,20.27%, 59.72%, 39.44%, 0.84%
08125,29.30%, 64.11%, 34.80%, 1.09%
09001,1.35%, 49.10%, 50.45%, 0.45%
09003,12.90%, 43.44%, 56.34%, 0.23%
09005,8.04%, 53.96%, 45.92%, 0.12%
09007,1.52%, 50.69%, 49.17%, 0.15%
09009,10.00%, 44.89%, 54.89%, 0.23%
09011,9.46%, 45.18%, 54.63%, 0.19%
09013,1.09%, 49.37%, 50.46%, 0.16%
09015,10.73%, 44.55%, 55.29%, 0.16%
10001,6.63%, 46.69%, 53.31%,-
10003,11.38%, 44.31%, 55.69%,-
10005,5.40%, 47.30%, 52.70%,-
11001,0%,-,-,-
12001,66.06%, 16.97%, 83.03%,-
12003,84.45%, 7.78%, 92.22%,-
12005,76.56%, 11.72%, 88.28%,-
12007,71.77%, 14.12%, 85.88%,-
12009,20.31%, 39.85%, 60.15%,-
12011,23.38%, 38.31%, 61.69%,-
12013,81.93%, 9.03%, 90.97%,-
12015,38.19%, 30.90%, 69.10%,-
12017,77.89%, 11.05%, 88.95%,-
12019,49.85%, 25.08%, 74.92%,-
12021,67.67%, 16.17%, 83.83%,-
12023,73.40%, 13.30%, 86.70%,-
12027,56.42%, 21.79%, 78.21%,-
12029,88.83%, 5.59%, 94.41%,-
12031,63.42%, 18.29%, 81.71%,-
12033,75.62%, 12.19%, 87.81%,-
12035,60.52%, 19.74%, 80.26%,-
12037,86.42%, 6.79%, 93.21%,-
12039,77.06%, 11.47%, 88.53%,-
12041,83.99%, 8.01%, 91.99%,-
12043,44.10%, 27.95%, 72.05%,-
12045,87.98%, 6.01%, 93.99%,-
12047,77.00%, 11.50%, 88.50%,-
12049,57.33%, 21.33%, 78.67%,-
12051,53.28%, 23.36%, 76.64%,-
12053,50.26%, 24.87%, 75.13%,-
12055,43.23%, 28.39%, 71.61%,-
12057,59.50%, 20.25%, 79.75%,-
12059,50.32%, 24.84%, 75.16%,-
12061,24.38%, 37.81%, 62.19%,-
12063,73.24%, 13.38%, 86.62%,-
12065,73.57%, 13.21%, 86.79%,-
12067,79.87%, 10.07%, 89.93%,-
12069,33.37%, 33.32%, 66.68%,-
12071,37.05%, 31.48%, 68.52%,-
12073,80.70%, 9.65%, 90.35%,-
12075,80.95%, 9.52%, 90.48%,-
12077,77.67%, 11.16%, 88.84%,-
12079,69.24%, 15.38%, 84.62%,-
12081,44.25%, 27.87%, 72.13%,-
12083,65.06%, 17.47%, 82.53%,-
12085,26.15%, 36.93%, 63.07%,-
12086,34.61%, 32.70%, 67.30%,-
12087,79.72%, 10.14%, 89.86%,-
12089,63.53%, 18.23%, 81.77%,-
12091,62.63%, 18.68%, 81.32%,-
12093,74.15%, 12.92%, 87.08%,-
12095,21.99%, 39.00%, 61.00%,-
12097,17.05%, 41.48%, 58.52%,-
12099,23.44%, 38.28%, 61.72%,-
12101,38.83%, 30.59%, 69.41%,-
12103,17.40%, 41.30%, 58.70%,-
12105,52.15%, 23.93%, 76.07%,-
12107,55.05%, 22.47%, 77.53%,-
12109,51.96%, 24.02%, 75.98%,-
12111,38.55%, 30.73%, 69.27%,-
12113,63.21%, 18.40%, 81.60%,-
12115,38.59%, 30.71%, 69.29%,-
12117,39.41%, 30.29%, 69.71%,-
12119,80.80%, 9.60%, 90.40%,-
12121,75.45%, 12.27%, 87.73%,-
12123,85.32%, 7.34%, 92.66%,-
12125,83.02%, 8.49%, 91.51%,-
12127,21.26%, 39.37%, 60.63%,-
12129,90.04%, 4.98%, 95.02%,-
12131,64.51%, 17.74%, 82.26%,-
12133,49.73%, 25.14%, 74.86%,-
13001,65.26%, 16.94%, 82.19%, 0.87%
13003,82.73%, 8.57%, 91.30%, 0.13%
13005,78.44%, 10.51%, 88.95%, 0.54%
13007,89.63%, 5.10%, 94.73%, 0.17%
13009,73.03%, 13.36%, 86.38%, 0.26%
13011,60.14%, 19.57%, 79.71%, 0.72%
13013,75.91%, 11.91%, 87.82%, 0.27%
13015,68.74%, 15.44%, 84.17%, 0.39%
13017,73.64%, 13.00%, 86.64%, 0.36%
13019,96.02%,-, 97.97%, 2.03%
13021,65.85%, 16.85%, 82.70%, 0.45%
13023,77.14%, 11.26%, 88.40%, 0.34%
13025,86.70%, 6.50%, 93.20%, 0.29%
13027,67.91%, 16.01%, 83.93%, 0.06%
13029,89.19%, 5.30%, 94.49%, 0.22%
13031,86.97%, 6.38%, 93.35%, 0.27%
13033,91.64%, 3.90%, 95.54%, 0.56%
13035,84.01%, 7.90%, 91.92%, 0.18%
13037,89.74%, 5.13%, 94.87%,-
13039,80.64%, 9.60%, 90.24%, 0.16%
13043,84.26%, 7.75%, 92.00%, 0.25%
13045,72.02%, 13.90%, 85.92%, 0.18%
13047,70.52%, 14.74%, 85.26%,-
13049,80.71%, 9.65%, 90.35%,-
13051,66.90%, 16.47%, 83.37%, 0.16%
13053,82.14%, 8.93%, 91.07%,-
13055,79.35%, 10.12%, 89.47%, 0.41%
13057,20.72%, 39.39%, 60.11%, 0.50%
13059,84.06%, 7.81%, 91.87%, 0.32%
13061,87.00%, 6.31%, 93.31%, 0.38%
13063,79.03%, 10.42%, 89.45%, 0.13%
13065,88.67%, 5.67%, 94.33%,-
13067,63.42%, 18.21%, 81.63%, 0.17%
13069,84.59%, 7.56%, 92.15%, 0.30%
13071,54.81%, 22.24%, 77.04%, 0.72%
13073,85.82%, 6.79%, 92.61%, 0.59%
13075,73.62%, 13.19%, 86.81%,-
13077,92.76%, 3.48%, 96.25%, 0.27%
13079,65.90%, 16.93%, 82.84%, 0.23%
13081,77.83%, 10.91%, 88.75%, 0.34%
13083,73.35%, 13.33%, 86.67%,-
13085,27.26%, 36.17%, 63.43%, 0.39%
13087,78.20%, 10.85%, 89.05%, 0.10%
13089,61.71%, 18.94%, 80.65%, 0.41%
13091,76.17%, 11.74%, 87.91%, 0.34%
13093,81.15%, 9.27%, 90.43%, 0.30%
13095,84.68%, 7.64%, 92.32%, 0.04%
13097,61.76%, 18.88%, 80.64%, 0.48%
13099,88.69%, 5.60%, 94.29%, 0.11%
13101,91.96%, 3.91%, 95.87%, 0.22%
13103,47.21%, 26.40%, 73.60%,-
13105,69.78%, 14.70%, 84.48%, 0.82%
13107,89.15%, 5.36%, 94.51%, 0.13%
13109,84.67%, 7.37%, 92.04%, 0.59%
13111,12.04%, 56.02%, 43.98%,-
13113,85.83%, 7.09%, 92.91%,-
13115,71.44%, 14.12%, 85.56%, 0.33%
13117,36.98%, 31.51%, 68.49%,-
13119,74.48%, 12.18%, 86.66%, 1.15%
13121,67.47%, 16.10%, 83.57%, 0.33%
13123,13.94%, 42.93%, 56.87%, 0.20%
13125,62.44%, 18.54%, 80.98%, 0.49%
13127,75.82%, 11.94%, 87.76%, 0.31%
13129,50.76%, 24.41%, 75.17%, 0.42%
13131,72.89%, 13.20%, 86.09%, 0.71%
13133,81.36%, 8.93%, 90.29%, 0.78%
13135,69.06%, 15.26%, 84.32%, 0.42%
13137,62.51%, 18.55%, 81.06%, 0.40%
13139,69.79%, 14.73%, 84.52%, 0.75%
13141,53.13%, 23.36%, 76.49%, 0.15%
13143,50.59%, 24.60%, 75.19%, 0.22%
13145,84.89%, 7.15%, 92.04%, 0.81%
13147,85.43%, 6.73%, 92.16%, 1.11%
13149,48.97%, 25.40%, 74.37%, 0.23%
13151,87.67%, 6.11%, 93.77%, 0.12%
13153,61.27%, 19.30%, 80.57%, 0.13%
13155,65.83%, 16.95%, 82.79%, 0.26%
13157,80.91%, 9.37%, 90.29%, 0.34%
13159,80.87%, 9.44%, 90.30%, 0.26%
13161,74.47%, 12.64%, 87.11%, 0.25%
13163,71.99%, 13.72%, 85.71%, 0.56%
13165,86.15%, 6.82%, 92.98%, 0.20%
13167,76.92%, 11.32%, 88.24%, 0.44%
13169,71.61%, 14.13%, 85.73%, 0.14%
13171,81.75%, 8.86%, 90.62%, 0.52%
13173,94.56%, 2.56%, 97.12%, 0.32%
13175,68.28%, 15.79%, 84.07%, 0.15%
13177,91.72%, 3.91%, 95.63%, 0.46%
13179,59.80%, 20.00%, 79.80%, 0.20%
13181,74.16%, 12.45%, 86.62%, 0.93%
13183,61.21%, 19.14%, 80.35%, 0.50%
13185,81.18%, 9.21%, 90.40%, 0.39%
13187,68.79%, 15.46%, 84.25%, 0.28%
13189,84.92%, 7.20%, 92.12%, 0.67%
13191,63.07%, 18.47%, 81.53%,-
13193,84.05%, 7.76%, 91.81%, 0.43%
13195,71.74%, 13.61%, 85.36%, 1.03%
13197,77.31%, 11.27%, 88.58%, 0.15%
13199,87.76%, 5.98%, 93.74%, 0.28%
13201,87.88%, 6.06%, 93.94%,-
13205,86.44%, 6.78%, 93.22%,-
13207,90.27%, 4.58%, 94.86%, 0.56%
13209,79.66%, 9.78%, 89.44%, 0.78%
13211,90.55%, 4.72%, 95.28%,-
13213,43.88%, 28.01%, 71.89%, 0.10%
13215,76.87%, 11.51%, 88.38%, 0.11%
13217,87.96%, 5.90%, 93.85%, 0.25%
13219,56.06%, 21.66%, 77.72%, 0.61%
13221,72.32%, 13.79%, 86.11%, 0.11%
13223,36.26%, 31.62%, 67.89%, 0.49%
13225,64.85%, 17.24%, 82.09%, 0.67%
13227,11.88%, 43.76%, 55.64%, 0.59%
13229,83.40%, 8.16%, 91.55%, 0.29%
13231,59.73%, 20.13%, 79.87%,-
13233,73.84%, 12.92%, 86.76%, 0.32%
13235,84.62%, 7.31%, 91.92%, 0.77%
13237,84.47%, 7.70%, 92.17%, 0.13%
13239,88.92%, 5.54%, 94.46%,-
13241,83.99%, 7.86%, 91.85%, 0.29%
13243,80.04%, 9.91%, 89.95%, 0.14%
13245,80.12%, 9.85%, 89.97%, 0.18%
13247,87.32%, 6.23%, 93.55%, 0.22%
13249,74.17%, 12.73%, 86.90%, 0.37%
13251,83.97%, 7.82%, 91.79%, 0.39%
13253,87.32%, 6.13%, 93.45%, 0.42%
13255,87.65%, 6.11%, 93.76%, 0.12%
13257,84.09%, 7.61%, 91.71%, 0.68%
13259,84.05%, 7.98%, 92.02%,-
13261,85.28%, 6.97%, 92.26%, 0.77%
13263,85.98%, 6.94%, 92.92%, 0.14%
13265,92.78%, 3.61%, 96.39%,-
13267,49.28%, 25.15%, 74.43%, 0.42%
13269,57.67%, 21.07%, 78.73%, 0.20%
13271,85.34%, 6.90%, 92.24%, 0.86%
13273,100.00%,-, 100.00%,-
13275,69.49%, 15.16%, 84.64%, 0.20%
13277,72.30%, 13.21%, 85.51%, 1.29%
13279,77.57%, 11.21%, 88.79%,-
13281,3.71%, 48.14%, 51.86%,-
13283,93.78%, 3.11%, 96.89%,-
13285,83.06%, 8.28%, 91.34%, 0.37%
13287,38.36%, 30.60%, 68.96%, 0.44%
13289,77.64%, 11.18%, 88.82%,-
13291,26.04%, 36.91%, 62.96%, 0.13%
13293,86.72%, 6.64%, 93.36%,-
13295,67.20%, 16.30%, 83.50%, 0.20%
13297,90.69%, 4.55%, 95.24%, 0.22%
13299,79.17%, 10.31%, 89.48%, 0.20%
13301,72.69%, 13.51%, 86.20%, 0.28%
13303,62.52%, 18.41%, 80.93%, 0.66%
13305,79.01%, 10.38%, 89.39%, 0.23%
13307,69.70%, 15.15%, 84.85%,-
13309,61.46%, 19.02%, 80.49%, 0.49%
13311,74.34%, 12.83%, 87.17%,-
13313,52.20%, 23.83%, 76.03%, 0.14%
13315,75.91%, 11.60%, 87.51%, 0.88%
13317,78.04%, 10.68%, 88.72%, 0.61%
13319,72.01%, 13.95%, 85.96%, 0.09%
13321,66.08%, 16.83%, 82.91%, 0.27%
15001,0%,-,-,-
15003,0%,-,-,-
15005,0%,-,-,-
15007,0%,-,-,-
15009,0%,-,-,-
16001,1.90%, 50.85%, 48.95%, 0.20%
16003,8.77%, 45.53%, 54.30%, 0.18%
16005,31.89%, 34.05%, 65.94%, 0.01%
16007,7.00%, 46.50%, 53.50%,-
16009,19.08%, 40.12%, 59.20%, 0.68%
16011,2.04%, 48.90%, 50.95%, 0.15%
16013,16.19%, 41.83%, 58.02%, 0.15%
16015,16.11%, 41.90%, 58.01%, 0.09%
16017,10.98%, 44.27%, 55.24%, 0.49%
16019,19.11%, 40.39%, 59.51%, 0.10%
16021,6.41%, 45.49%, 51.90%, 0.11%
16023,2.87%, 48.56%, 51.44%,-
16025,1.87%, 49.06%, 50.94%,-
16027,0.78%, 50.21%, 49.43%, 0.36%
16029,25.55%, 37.18%, 62.73%, 0.10%
16031,3.20%, 48.30%, 51.50%, 0.19%
16033,30.61%, 65.30%, 34.70%,-
16035,33.71%, 32.90%, 66.61%, 0.50%
16037,8.08%, 45.81%, 53.89%, 0.30%
16039,20.46%, 39.70%, 60.15%, 0.15%
16041,2.11%, 48.95%, 51.05%,-
16043,12.30%, 43.83%, 56.13%, 0.04%
16045,29.14%, 35.38%, 64.52%, 0.10%
16047,10.13%, 55.02%, 44.89%, 0.09%
16049,4.45%, 47.63%, 52.08%, 0.29%
16051,20.94%, 39.34%, 60.29%, 0.37%
16053,14.50%, 57.17%, 42.67%, 0.16%
16055,15.91%, 41.42%, 57.32%, 1.26%
16057,6.15%, 46.72%, 52.87%, 0.41%
16059,8.19%, 45.89%, 54.08%, 0.03%
16061,33.35%, 33.17%, 66.52%, 0.32%
16063,6.47%, 53.05%, 46.58%, 0.37%
16065,15.22%, 42.38%, 57.60%, 0.03%
16067,0.08%, 49.80%, 49.87%, 0.33%
16069,27.13%, 36.22%, 63.35%, 0.44%
16071,11.61%, 44.12%, 55.73%, 0.15%
16073,5.85%, 46.76%, 52.61%, 0.63%
16075,17.51%, 58.52%, 41.02%, 0.46%
16077,1.06%, 50.45%, 49.39%, 0.16%
16079,29.89%, 34.65%, 64.54%, 0.81%
16081,11.71%, 44.14%, 55.86%,-
16083,10.67%, 55.23%, 44.56%, 0.21%
16085,20.79%, 39.17%, 59.96%, 0.87%
16087,9.35%, 45.27%, 54.61%, 0.12%
17001,3.08%, 50.86%, 47.78%, 1.35%
17003,2.55%, 48.20%, 50.75%, 1.05%
17005,16.63%, 57.38%, 40.75%, 1.87%
17007,46.95%, 73.33%, 26.38%, 0.29%
17009,8.11%, 45.20%, 53.31%, 1.48%
17011,23.07%, 61.36%, 38.29%, 0.35%
17013,21.43%, 60.51%, 39.08%, 0.41%
17015,28.02%, 63.90%, 35.87%, 0.23%
17017,3.87%, 47.68%, 51.55%, 0.76%
17019,7.21%, 53.26%, 46.04%, 0.70%
17021,5.50%, 46.91%, 52.41%, 0.69%
17023,10.79%, 55.15%, 44.36%, 0.49%
17025,2.46%, 50.72%, 48.27%, 1.01%
17027,24.73%, 62.00%, 37.27%, 0.74%
17029,4.00%, 47.82%, 51.83%, 0.35%
17031,10.86%, 44.38%, 55.24%, 0.39%
17033,10.41%, 54.95%, 44.54%, 0.52%
17035,3.70%, 51.62%, 47.92%, 0.47%
17037,28.41%, 63.95%, 35.53%, 0.52%
17039,4.02%, 51.80%, 47.78%, 0.43%
17041,9.35%, 54.34%, 44.99%, 0.67%
17043,36.34%, 67.85%, 31.51%, 0.63%
17045,8.61%, 54.03%, 45.42%, 0.55%
17047,30.70%, 64.86%, 34.16%, 0.98%
17049,0.39%, 49.48%, 49.88%, 0.64%
17051,1.34%, 50.19%, 48.85%, 0.96%
17053,30.56%, 65.11%, 34.55%, 0.34%
17055,9.03%, 45.14%, 54.16%, 0.70%
17057,2.45%, 50.80%, 48.35%, 0.85%
17059,11.89%, 43.65%, 55.54%, 0.81%
17061,10.76%, 44.30%, 55.06%, 0.64%
17063,23.16%, 61.38%, 38.22%, 0.40%
17065,4.05%, 51.69%, 47.64%, 0.67%
17067,15.16%, 57.06%, 41.90%, 1.03%
17069,8.29%, 53.84%, 45.56%, 0.60%
17071,24.37%, 61.81%, 37.44%, 0.76%
17073,17.51%, 58.37%, 40.86%, 0.76%
17075,22.05%, 60.73%, 38.68%, 0.59%
17077,10.96%, 55.19%, 44.22%, 0.59%
17079,5.03%, 52.23%, 47.20%, 0.56%
17081,11.13%, 44.09%, 55.22%, 0.69%
17083,3.46%, 51.44%, 47.99%, 0.57%
17085,30.57%, 65.09%, 34.52%, 0.38%
17087,25.81%, 62.80%, 36.99%, 0.21%
17089,23.96%, 61.77%, 37.81%, 0.43%
17091,7.65%, 53.62%, 45.97%, 0.42%
17093,35.86%, 67.79%, 31.92%, 0.29%
17095,16.09%, 57.77%, 41.68%, 0.56%
17097,20.92%, 60.26%, 39.34%, 0.40%
17099,7.96%, 45.66%, 53.62%, 0.72%
17101,3.68%, 51.22%, 47.54%, 1.24%
17103,30.22%, 64.96%, 34.74%, 0.30%
17105,28.53%, 64.14%, 35.61%, 0.25%
17107,13.84%, 56.78%, 42.94%, 0.27%
17109,28.01%, 63.67%, 35.66%, 0.67%
17111,45.23%, 72.30%, 27.07%, 0.64%
17113,9.56%, 54.44%, 44.87%, 0.69%
17115,15.86%, 41.78%, 57.64%, 0.58%
17117,4.91%, 47.08%, 52.00%, 0.92%
17119,18.91%, 40.10%, 59.01%, 0.90%
17121,13.67%, 42.74%, 56.41%, 0.85%
17123,14.97%, 57.23%, 42.26%, 0.51%
17125,1.39%, 50.47%, 49.08%, 0.46%
17127,25.20%, 62.34%, 37.14%, 0.51%
17129,9.86%, 54.68%, 44.81%, 0.51%
17131,24.56%, 62.09%, 37.53%, 0.37%
17133,25.36%, 62.54%, 37.17%, 0.29%
17135,4.15%, 51.65%, 47.50%, 0.86%
17137,5.47%, 52.57%, 47.10%, 0.33%
17139,0.81%, 49.32%, 50.13%, 0.56%
17141,41.84%, 70.71%, 28.87%, 0.42%
17143,9.19%, 45.21%, 54.40%, 0.39%
17145,5.09%, 52.35%, 47.26%, 0.40%
17147,12.26%, 55.94%, 43.68%, 0.38%
17149,7.32%, 45.83%, 53.15%, 1.01%
17151,31.94%, 65.78%, 33.84%, 0.38%
17153,14.01%, 56.76%, 42.75%, 0.49%
17155,19.53%, 59.56%, 40.03%, 0.40%
17157,8.89%, 54.21%, 45.32%, 0.46%
17159,7.27%, 53.17%, 45.89%, 0.94%
17161,15.73%, 41.95%, 57.67%, 0.38%
17163,19.45%, 40.05%, 59.50%, 0.46%
17165,0.58%, 49.43%, 50.02%, 0.55%
17167,5.21%, 52.44%, 47.23%, 0.33%
17169,1.26%, 48.77%, 50.04%, 1.19%
17171,1.82%, 50.70%, 48.87%, 0.43%
17173,2.99%, 47.71%, 50.69%, 1.60%
17175,30.14%, 64.94%, 34.79%, 0.27%
17177,22.26%, 60.92%, 38.67%, 0.41%
17179,17.26%, 41.18%, 58.44%, 0.38%
17181,8.23%, 45.51%, 53.74%, 0.75%
17183,0.36%, 49.87%, 49.50%, 0.63%
17185,6.63%, 45.94%, 52.57%, 1.49%
17187,22.87%, 61.17%, 38.30%, 0.53%
17189,24.09%, 61.82%, 37.73%, 0.46%
17191,8.10%, 53.77%, 45.68%, 0.55%
17193,3.92%, 47.50%, 51.41%, 1.09%
17195,36.12%, 67.77%, 31.65%, 0.58%
17197,4.60%, 52.13%, 47.53%, 0.34%
17199,0.73%, 49.40%, 50.12%, 0.48%
17201,4.43%, 51.89%, 47.46%, 0.65%
17203,20.66%, 60.09%, 39.43%, 0.48%
18001,8.89%, 53.93%, 45.04%, 1.04%
18003,14.80%, 57.18%, 42.38%, 0.44%
18005,1.79%, 48.84%, 50.63%, 0.53%
18007,15.44%, 57.57%, 42.12%, 0.31%
18009,9.87%, 44.52%, 54.38%, 1.10%
18011,6.89%, 53.26%, 46.37%, 0.37%
18013,5.85%, 46.74%, 52.59%, 0.66%
18015,8.61%, 54.05%, 45.44%, 0.51%
18017,1.04%, 49.33%, 50.37%, 0.30%
18019,19.67%, 40.02%, 59.69%, 0.30%
18021,3.39%, 51.40%, 48.00%, 0.60%
18023,5.34%, 52.36%, 47.02%, 0.62%
18025,3.33%, 47.97%, 51.29%, 0.74%
18027,8.63%, 54.10%, 45.48%, 0.42%
18029,1.08%, 49.29%, 50.37%, 0.34%
18031,15.83%, 57.71%, 41.88%, 0.41%
18033,14.79%, 57.17%, 42.38%, 0.45%
18035,8.32%, 45.53%, 53.85%, 0.62%
18037,11.75%, 44.01%, 55.77%, 0.22%
18039,18.14%, 58.53%, 40.40%, 1.07%
18041,0.22%, 49.94%, 49.72%, 0.34%
18043,14.48%, 42.53%, 57.00%, 0.47%
18045,9.35%, 54.59%, 45.24%, 0.17%
18047,16.43%, 58.11%, 41.68%, 0.21%
18049,17.45%, 58.40%, 40.95%, 0.64%
18051,2.22%, 48.34%, 50.57%, 1.09%
18053,6.71%, 52.77%, 46.06%, 1.16%
18055,1.97%, 50.71%, 48.73%, 0.56%
18057,30.01%, 64.73%, 34.72%, 0.54%
18059,1.24%, 48.98%, 50.23%, 0.79%
18061,0.79%, 49.26%, 50.06%, 0.68%
18063,16.22%, 57.92%, 41.70%, 0.38%
18065,6.85%, 52.98%, 46.14%, 0.88%
18067,3.23%, 47.82%, 51.04%, 1.14%
18069,11.46%, 55.22%, 43.77%, 1.01%
18071,9.17%, 45.13%, 54.30%, 0.57%
18073,23.63%, 61.62%, 37.99%, 0.39%
18075,0.58%, 49.27%, 49.84%, 0.89%
18077,11.89%, 55.80%, 43.91%, 0.29%
18079,13.43%, 56.51%, 43.08%, 0.42%
18081,0.79%, 50.18%, 49.39%, 0.44%
18083,4.47%, 47.52%, 51.99%, 0.48%
18085,26.09%, 62.68%, 36.60%, 0.72%
18087,27.32%, 63.43%, 36.11%, 0.46%
18089,22.05%, 38.79%, 60.83%, 0.38%
18091,6.89%, 53.29%, 46.40%, 0.30%
18093,24.06%, 61.92%, 37.86%, 0.22%
18095,7.65%, 45.91%, 53.56%, 0.54%
18097,1.19%, 50.43%, 49.25%, 0.32%
18099,13.64%, 56.41%, 42.77%, 0.81%
18101,4.76%, 52.28%, 47.52%, 0.20%
18103,6.20%, 52.76%, 46.56%, 0.68%
18105,11.86%, 55.74%, 43.88%, 0.38%
18107,9.99%, 54.78%, 44.79%, 0.44%
18109,14.88%, 57.29%, 42.40%, 0.31%
18111,25.03%, 62.32%, 37.29%, 0.39%
18113,19.41%, 59.46%, 40.06%, 0.48%
18115,1.00%, 49.33%, 50.33%, 0.33%
18117,15.87%, 57.77%, 41.90%, 0.32%
18119,8.56%, 54.00%, 45.44%, 0.55%
18121,8.86%, 54.14%, 45.28%, 0.59%
18123,0.16%, 50.00%, 49.84%, 0.16%
18125,2.43%, 50.91%, 48.48%, 0.61%
18127,17.16%, 58.40%, 41.24%, 0.36%
18129,5.30%, 47.06%, 52.35%, 0.59%
18131,6.85%, 52.70%, 45.86%, 1.44%
18133,1.58%, 49.00%, 50.58%, 0.41%
18135,15.99%, 57.19%, 41.20%, 1.61%
18137,11.22%, 55.44%, 44.21%, 0.35%
18139,20.39%, 60.02%, 39.62%, 0.36%
18141,11.51%, 44.02%, 55.53%, 0.46%
18143,7.70%, 45.96%, 53.66%, 0.38%
18145,5.21%, 47.02%, 52.22%, 0.76%
18147,15.04%, 57.31%, 42.27%, 0.42%
18149,8.67%, 54.16%, 45.49%, 0.34%
18151,33.23%, 66.35%, 33.12%, 0.52%
18153,14.36%, 42.32%, 56.69%, 0.99%
18155,7.53%, 46.01%, 53.54%, 0.44%
18157,14.18%, 56.96%, 42.78%, 0.26%
18159,6.42%, 52.90%, 46.48%, 0.62%
18161,17.25%, 58.35%, 41.10%, 0.55%
18163,15.09%, 42.25%, 57.33%, 0.42%
18165,3.83%, 47.74%, 51.57%, 0.69%
18167,11.64%, 43.99%, 55.63%, 0.38%
18169,23.20%, 61.11%, 37.91%, 0.98%
18171,21.70%, 60.71%, 39.01%, 0.28%
18173,4.16%, 51.88%, 47.72%, 0.40%
18175,2.93%, 48.37%, 51.30%, 0.33%
18177,3.13%, 51.27%, 48.14%, 0.59%
18179,3.30%, 47.75%, 51.05%, 1.20%
18181,10.77%, 55.15%, 44.38%, 0.47%
18183,7.28%, 53.34%, 46.06%, 0.60%
19001,17.64%, 58.77%, 41.13%, 0.11%
19003,20.67%, 60.13%, 39.46%, 0.42%
19005,28.31%, 64.02%, 35.72%, 0.26%
19007,0.30%, 49.43%, 49.74%, 0.83%
19009,10.28%, 44.80%, 55.08%, 0.12%
19011,0.61%, 49.55%, 50.15%, 0.30%
19013,0.50%, 49.61%, 50.11%, 0.28%
19015,15.57%, 41.92%, 57.49%, 0.59%
19017,26.73%, 63.26%, 36.53%, 0.21%
19019,9.52%, 54.61%, 45.10%, 0.29%
19021,2.21%, 48.69%, 50.90%, 0.41%
19023,27.37%, 63.56%, 36.18%, 0.26%
19025,6.76%, 46.46%, 53.23%, 0.31%
19027,1.37%, 49.22%, 50.59%, 0.19%
19029,25.70%, 62.69%, 36.99%, 0.31%
19031,25.20%, 62.45%, 37.25%, 0.29%
19033,5.39%, 47.20%, 52.59%, 0.22%
19035,7.24%, 53.50%, 46.27%, 0.23%
19037,5.45%, 52.71%, 47.26%, 0.02%
19039,8.15%, 53.76%, 45.61%, 0.64%
19041,8.16%, 45.77%, 53.93%, 0.30%
19043,19.86%, 59.86%, 40.00%, 0.14%
19045,8.57%, 54.17%, 45.60%, 0.22%
19047,12.21%, 55.92%, 43.71%, 0.37%
19049,0.48%, 49.24%, 49.72%, 1.04%
19051,6.26%, 46.65%, 52.91%, 0.44%
19053,5.96%, 46.91%, 52.87%, 0.21%
19055,34.76%, 67.30%, 32.53%, 0.17%
19057,25.02%, 62.34%, 37.32%, 0.33%
19059,4.34%, 47.65%, 51.99%, 0.37%
19061,2.76%, 51.30%, 48.54%, 0.16%
19063,0.71%, 49.27%, 49.98%, 0.76%
19065,15.14%, 57.43%, 42.30%, 0.27%
19067,16.57%, 58.11%, 41.54%, 0.35%
19069,1.14%, 49.56%, 48.43%, 2.01%
19071,1.15%, 49.27%, 50.41%, 0.32%
19073,4.72%, 52.22%, 47.51%, 0.27%
19075,17.43%, 58.56%, 41.13%, 0.31%
19077,15.07%, 57.33%, 42.27%, 0.40%
19079,11.54%, 44.03%, 55.56%, 0.41%
19081,1.65%, 50.63%, 48.99%, 0.38%
19083,8.85%, 54.26%, 45.41%, 0.33%
19085,6.80%, 53.33%, 46.53%, 0.15%
19087,34.93%, 67.36%, 32.43%, 0.22%
19089,0.53%, 50.16%, 49.63%, 0.22%
19091,6.76%, 46.44%, 53.20%, 0.36%
19093,15.67%, 57.70%, 42.03%, 0.27%
19095,12.34%, 55.33%, 42.99%, 1.68%
19097,12.41%, 56.07%, 43.66%, 0.27%
19099,5.76%, 46.95%, 52.71%, 0.34%
19101,17.86%, 58.67%, 40.81%, 0.52%
19103,11.13%, 44.27%, 55.39%, 0.34%
19105,13.67%, 56.70%, 43.04%, 0.26%
19107,8.43%, 54.00%, 45.57%, 0.42%
19109,7.09%, 46.35%, 53.45%, 0.20%
19111,7.58%, 53.71%, 46.12%, 0.17%
19113,9.37%, 54.54%, 45.17%, 0.28%
19115,19.25%, 59.18%, 39.93%, 0.89%
19117,7.71%, 53.24%, 45.53%, 1.23%
19119,18.84%, 59.33%, 40.49%, 0.18%
19121,18.20%, 58.91%, 40.71%, 0.38%
19123,3.06%, 51.12%, 48.07%, 0.81%
19125,9.03%, 45.19%, 54.22%, 0.59%
19127,13.32%, 56.44%, 43.13%, 0.43%
19129,14.98%, 57.39%, 42.41%, 0.21%
19131,13.20%, 56.49%, 43.29%, 0.21%
19133,6.57%, 46.63%, 53.20%, 0.17%
19135,9.87%, 44.57%, 54.44%, 0.98%
19137,18.44%, 58.98%, 40.54%, 0.49%
19139,18.85%, 59.24%, 40.39%, 0.37%
19141,7.02%, 53.30%, 46.28%, 0.43%
19143,2.89%, 51.14%, 48.25%, 0.61%
19145,28.58%, 64.04%, 35.47%, 0.49%
19147,14.83%, 42.47%, 57.30%, 0.23%
19149,33.63%, 66.72%, 33.09%, 0.20%
19151,15.91%, 41.92%, 57.83%, 0.25%
19153,11.16%, 44.26%, 55.42%, 0.32%
19155,2.27%, 51.07%, 48.80%, 0.12%
19157,0.22%, 49.66%, 49.88%, 0.46%
19159,19.22%, 59.50%, 40.28%, 0.22%
19161,7.44%, 53.66%, 46.23%, 0.11%
19163,6.29%, 46.69%, 52.98%, 0.33%
19165,9.48%, 54.53%, 45.05%, 0.43%
19167,29.29%, 64.55%, 35.27%, 0.18%
19169,4.65%, 52.11%, 47.46%, 0.43%
19171,1.10%, 49.31%, 50.42%, 0.27%
19173,19.46%, 59.56%, 40.10%, 0.34%
19175,25.29%, 62.54%, 37.25%, 0.21%
19177,25.83%, 62.72%, 36.89%, 0.40%
19179,13.52%, 43.03%, 56.56%, 0.41%
19181,13.00%, 56.21%, 43.21%, 0.57%
19183,16.65%, 58.11%, 41.46%, 0.43%
19185,1.66%, 50.64%, 48.98%, 0.38%
19187,17.14%, 41.29%, 58.43%, 0.28%
19189,4.02%, 51.78%, 47.76%, 0.45%
19191,6.90%, 53.35%, 46.45%, 0.21%
19193,3.43%, 48.19%, 51.62%, 0.19%
19195,10.50%, 44.62%, 55.12%, 0.26%
19197,4.58%, 47.52%, 52.10%, 0.39%
20001,33.31%, 66.42%, 33.10%, 0.48%
20003,29.37%, 64.41%, 35.04%, 0.55%
20005,12.92%, 56.07%, 43.15%, 0.78%
20007,6.97%, 52.84%, 45.87%, 1.28%
20009,9.32%, 54.43%, 45.11%, 0.45%
20011,7.95%, 53.61%, 45.66%, 0.73%
20013,38.86%, 69.18%, 30.32%, 0.50%
20015,0.03%, 49.60%, 49.58%, 0.82%
20017,16.28%, 57.78%, 41.51%, 0.71%
20019,26.25%, 62.70%, 36.45%, 0.85%
20021,0.52%, 49.27%, 49.79%, 0.94%
20023,28.75%, 64.14%, 35.39%, 0.47%
20025,0.32%, 49.47%, 49.79%, 0.74%
20027,38.50%, 68.74%, 30.24%, 1.02%
20029,22.32%, 60.44%, 38.12%, 1.44%
20031,29.20%, 64.26%, 35.06%, 0.68%
20033,19.89%, 59.50%, 39.60%, 0.90%
20035,8.75%, 53.99%, 45.25%, 0.76%
20037,4.04%, 47.68%, 51.71%, 0.61%
20039,13.14%, 56.16%, 43.03%, 0.81%
20041,27.14%, 63.25%, 36.11%, 0.64%
20043,35.72%, 67.70%, 31.98%, 0.32%
20045,41.64%, 70.28%, 28.64%, 1.08%
20047,21.27%, 60.14%, 38.87%, 0.99%
20049,30.26%, 64.77%, 34.51%, 0.72%
20051,4.65%, 52.15%, 47.49%, 0.36%
20053,8.57%, 54.13%, 45.56%, 0.31%
20055,7.32%, 53.39%, 46.07%, 0.55%
20057,4.80%, 51.97%, 47.17%, 0.86%
20059,28.45%, 63.80%, 35.35%, 0.85%
20061,6.23%, 52.65%, 46.42%, 0.93%
20063,33.99%, 66.31%, 32.32%, 1.37%
20065,22.61%, 60.97%, 38.36%, 0.68%
20067,23.06%, 61.03%, 37.97%, 0.99%
20069,4.62%, 51.87%, 47.25%, 0.88%
20071,29.74%, 64.55%, 34.81%, 0.65%
20073,21.37%, 60.34%, 38.97%, 0.69%
20075,16.63%, 57.95%, 41.32%, 0.73%
20077,12.64%, 55.73%, 43.09%, 1.18%
20079,14.88%, 56.76%, 41.88%, 1.36%
20081,17.53%, 58.48%, 40.94%, 0.58%
20083,22.41%, 60.87%, 38.46%, 0.67%
20085,28.34%, 63.92%, 35.58%, 0.50%
20087,32.19%, 65.81%, 33.62%, 0.58%
20089,44.77%, 71.57%, 26.80%, 1.64%
20091,28.22%, 63.97%, 35.75%, 0.28%
20093,16.25%, 58.00%, 41.75%, 0.24%
20095,9.57%, 54.35%, 44.78%, 0.87%
20097,29.66%, 64.10%, 34.43%, 1.47%
20099,8.91%, 54.17%, 45.26%, 0.57%
20101,22.66%, 60.78%, 38.12%, 1.10%
20103,16.78%, 58.25%, 41.46%, 0.29%
20105,36.48%, 67.69%, 31.21%, 1.10%
20107,32.63%, 66.04%, 33.41%, 0.55%
20109,34.34%, 66.83%, 32.50%, 0.67%
20111,5.66%, 52.33%, 46.68%, 0.99%
20113,22.30%, 60.24%, 37.94%, 1.83%
20115,35.57%, 67.44%, 31.87%, 0.69%
20117,33.83%, 66.65%, 32.82%, 0.52%
20119,24.48%, 61.13%, 36.65%, 0.23%
20121,14.01%, 56.77%, 42.76%, 0.47%
20123,27.99%, 63.55%, 35.57%, 0.88%
20125,15.83%, 57.68%, 41.85%, 0.48%
20127,24.16%, 61.64%, 37.48%, 0.88%
20129,12.13%, 55.72%, 43.59%, 0.69%
20131,31.68%, 65.64%, 33.96%, 0.41%
20133,19.37%, 59.43%, 40.06%, 0.51%
20135,19.15%, 58.68%, 39.52%, 1.80%
20137,41.92%, 70.28%, 28.36%, 1.36%
20139,21.89%, 60.52%, 38.63%, 0.85%
20141,38.76%, 68.55%, 29.79%, 1.66%
20143,15.13%, 57.06%, 41.93%, 1.02%
20145,2.46%, 50.77%, 48.31%, 0.92%
20147,39.94%, 69.49%, 29.55%, 0.96%
20149,38.62%, 69.12%, 30.50%, 0.38%
20151,1.02%, 49.94%, 48.92%, 1.14%
20153,16.86%, 58.02%, 41.16%, 0.83%
20155,8.21%, 53.64%, 45.43%, 0.94%
20157,27.69%, 63.54%, 35.86%, 0.60%
20159,13.64%, 56.49%, 42.85%, 0.66%
20161,38.15%, 68.59%, 30.44%, 0.97%
20163,22.00%, 60.61%, 38.61%, 0.77%
20165,20.14%, 59.84%, 39.69%, 0.47%
20167,17.90%, 58.56%, 40.67%, 0.77%
20169,10.02%, 54.69%, 44.67%, 0.63%
20171,15.70%, 57.24%, 41.54%, 1.22%
20173,3.08%, 48.05%, 51.13%, 0.82%
20175,0.96%, 49.65%, 48.70%, 1.65%
20177,10.37%, 54.96%, 44.59%, 0.45%
20179,24.50%, 62.06%, 37.56%, 0.37%
20181,5.65%, 52.16%, 46.51%, 1.33%
20183,32.07%, 65.58%, 33.51%, 0.90%
20185,5.34%, 52.17%, 46.84%, 0.99%
20187,11.13%, 54.62%, 43.50%, 1.88%
20189,11.45%, 55.05%, 43.60%, 1.36%
20191,4.70%, 51.86%, 47.16%, 0.98%
20193,9.39%, 54.20%, 44.82%, 0.98%
20195,15.80%, 57.59%, 41.79%, 0.62%
20197,48.00%, 73.64%, 25.64%, 0.72%
20199,35.05%, 67.08%, 32.03%, 0.89%
20201,47.21%, 73.29%, 26.08%, 0.63%
20203,19.36%, 59.08%, 39.72%, 1.19%
20205,29.59%, 64.42%, 34.83%, 0.76%
20207,30.48%, 64.87%, 34.39%, 0.74%
20209,15.14%, 42.24%, 57.38%, 0.38%
21001,15.05%, 57.42%, 42.37%, 0.20%
21003,22.61%, 61.11%, 38.49%, 0.40%
21005,33.72%, 33.01%, 66.73%, 0.27%
21007,61.80%, 19.09%, 80.89%, 0.03%
21009,20.35%, 39.76%, 60.11%, 0.14%
21011,21.36%, 39.18%, 60.54%, 0.29%
21013,8.70%, 45.53%, 54.23%, 0.25%
21015,29.86%, 34.90%, 64.76%, 0.33%
21017,22.81%, 38.57%, 61.38%, 0.06%
21019,14.75%, 42.41%, 57.16%, 0.43%
21021,28.73%, 35.55%, 64.28%, 0.17%
21023,11.64%, 44.05%, 55.69%, 0.26%
21025,42.49%, 28.66%, 71.14%, 0.20%
21027,0.58%, 49.43%, 50.01%, 0.56%
21029,49.11%, 25.35%, 74.46%, 0.19%
21031,36.94%, 68.40%, 31.47%, 0.13%
21033,11.93%, 43.78%, 55.71%, 0.51%
21035,73.11%, 13.38%, 86.49%, 0.13%
21037,0.39%, 50.02%, 49.63%, 0.35%
21039,64.84%, 17.37%, 82.21%, 0.42%
21041,56.60%, 21.55%, 78.15%, 0.29%
21043,14.06%, 56.88%, 42.83%, 0.29%
21045,34.97%, 67.34%, 32.37%, 0.30%
21047,8.48%, 45.69%, 54.17%, 0.13%
21049,29.94%, 34.87%, 64.82%, 0.31%
21051,45.84%, 72.92%, 27.08%,-
21053,54.63%, 77.31%, 22.69%,-
21055,17.67%, 58.68%, 41.01%, 0.31%
21057,48.72%, 74.30%, 25.58%, 0.12%
21059,24.70%, 37.49%, 62.19%, 0.33%
21061,31.95%, 65.81%, 33.86%, 0.33%
21063,52.10%, 23.95%, 76.05%,-
21065,5.50%, 52.66%, 47.16%, 0.18%
21067,11.68%, 44.01%, 55.69%, 0.30%
21069,2.45%, 48.65%, 51.11%, 0.24%
21071,42.07%, 28.97%, 71.03%,-
21073,56.52%, 21.66%, 78.18%, 0.16%
21075,63.78%, 18.01%, 81.79%, 0.20%
21077,49.59%, 25.10%, 74.70%, 0.20%
21079,0.32%, 49.75%, 50.07%, 0.19%
21081,27.97%, 35.96%, 63.93%, 0.12%
21083,64.21%, 17.78%, 81.99%, 0.23%
21085,8.16%, 53.85%, 45.69%, 0.46%
21087,11.18%, 55.39%, 44.21%, 0.40%
21089,7.74%, 45.99%, 53.73%, 0.27%
21091,3.11%, 51.52%, 48.41%, 0.07%
21093,33.39%, 33.16%, 66.54%, 0.30%
21095,28.65%, 35.55%, 64.20%, 0.25%
21097,42.34%, 28.67%, 71.01%, 0.32%
21099,6.73%, 46.56%, 53.29%, 0.15%
21101,46.38%, 26.65%, 73.03%, 0.31%
21103,45.36%, 27.12%, 72.47%, 0.41%
21105,69.68%, 15.05%, 84.73%, 0.22%
21107,38.16%, 30.80%, 68.96%, 0.24%
21109,77.55%, 88.62%, 11.07%, 0.31%
21111,17.78%, 40.97%, 58.75%, 0.28%
21113,20.84%, 39.15%, 60.00%, 0.85%
21115,24.71%, 62.29%, 37.58%, 0.12%
21117,18.82%, 40.47%, 59.30%, 0.23%
21119,70.77%, 14.62%, 85.38%,-
21121,20.22%, 60.06%, 39.84%, 0.10%
21123,30.52%, 34.62%, 65.14%, 0.24%
21125,28.78%, 64.27%, 35.48%, 0.25%
21127,1.97%, 48.86%, 50.83%, 0.30%
21129,6.98%, 53.39%, 46.41%, 0.20%
21131,67.99%, 83.96%, 15.97%, 0.08%
21133,16.01%, 41.90%, 57.92%, 0.18%
21135,28.44%, 64.22%, 35.78%,-
21137,8.36%, 45.56%, 53.91%, 0.53%
21139,25.80%, 36.85%, 62.65%, 0.50%
21141,48.98%, 25.46%, 74.44%, 0.10%
21143,36.27%, 31.57%, 67.84%, 0.58%
21145,52.80%, 23.43%, 76.23%, 0.34%
21147,43.44%, 71.62%, 28.18%, 0.20%
21149,22.89%, 38.44%, 61.33%, 0.23%
21151,5.63%, 46.91%, 52.54%, 0.54%
21153,2.63%, 48.68%, 51.30%, 0.02%
21155,32.66%, 33.49%, 66.15%, 0.36%
21157,52.53%, 23.60%, 76.13%, 0.28%
21159,46.71%, 73.34%, 26.63%, 0.03%
21161,8.40%, 45.63%, 54.03%, 0.33%
21163,35.85%, 31.88%, 67.73%, 0.38%
21165,39.30%, 30.20%, 69.50%, 0.30%
21167,32.19%, 33.73%, 65.92%, 0.35%
21169,9.40%, 54.55%, 45.15%, 0.30%
21171,40.89%, 70.33%, 29.44%, 0.23%
21173,24.42%, 37.64%, 62.06%, 0.29%
21175,46.65%, 26.67%, 73.33%,-
21177,1.83%, 50.78%, 48.95%, 0.27%
21179,33.03%, 33.42%, 66.45%, 0.13%
21181,27.41%, 36.08%, 63.50%, 0.42%
21183,8.80%, 54.25%, 45.45%, 0.29%
21185,39.95%, 29.85%, 69.80%, 0.35%
21187,72.94%, 13.45%, 86.39%, 0.17%
21189,63.72%, 81.81%, 18.10%, 0.09%
21191,3.23%, 48.22%, 51.45%, 0.33%
21193,18.67%, 40.59%, 59.26%, 0.16%
21195,15.00%, 42.46%, 57.46%, 0.08%
21197,12.20%, 43.57%, 55.77%, 0.66%
21199,27.00%, 63.36%, 36.35%, 0.29%
21201,17.75%, 40.88%, 58.63%, 0.50%
21203,36.27%, 68.08%, 31.81%, 0.12%
21205,8.25%, 45.85%, 54.10%, 0.05%
21207,41.97%, 70.81%, 28.84%, 0.35%
21209,38.37%, 30.69%, 69.05%, 0.26%
21211,44.20%, 27.77%, 71.96%, 0.27%
21213,49.76%, 25.02%, 74.78%, 0.20%
21215,50.48%, 24.65%, 75.13%, 0.22%
21217,0.04%, 49.80%, 49.77%, 0.43%
21219,39.67%, 29.97%, 69.64%, 0.40%
21221,31.65%, 34.05%, 65.70%, 0.25%
21223,77.35%, 11.23%, 88.58%, 0.19%
21225,59.26%, 20.30%, 79.56%, 0.15%
21227,28.59%, 35.55%, 64.14%, 0.31%
21229,5.02%, 47.47%, 52.49%, 0.04%
21231,11.54%, 55.72%, 44.18%, 0.11%
21233,33.06%, 33.33%, 66.40%, 0.27%
21235,22.88%, 61.36%, 38.49%, 0.15%
21237,36.24%, 31.88%, 68.12%,-
21239,26.89%, 36.47%, 63.36%, 0.17%
22001,75.08%, 12.44%, 87.52%, 0.03%
22003,80.69%, 9.65%, 90.35%,-
22005,72.85%, 13.58%, 86.42%,-
22007,41.80%, 29.10%, 70.90%,-
22009,92.78%, 3.61%, 96.39%,-
22011,67.05%, 16.47%, 83.53%,-
22013,77.66%, 11.15%, 88.82%, 0.03%
22015,82.93%, 8.23%, 91.17%, 0.60%
22017,69.15%, 15.36%, 84.50%, 0.14%
22019,66.06%, 16.91%, 82.96%, 0.13%
22021,67.98%, 16.01%, 83.99%,-
22023,92.15%, 3.92%, 96.08%,-
22025,83.72%, 8.14%, 91.86%,-
22027,88.44%, 5.78%, 94.22%,-
22029,81.58%, 9.21%, 90.79%,-
22031,86.31%, 6.84%, 93.16%,-
22033,76.61%, 11.70%, 88.30%,-
22035,58.30%, 20.85%, 79.15%,-
22037,73.18%, 13.41%, 86.59%,-
22039,88.39%, 5.81%, 94.19%,-
22041,83.08%, 8.46%, 91.54%,-
22043,83.22%, 8.39%, 91.61%,-
22045,41.14%, 29.43%, 70.57%,-
22047,66.94%, 16.53%, 83.47%,-
22049,81.42%, 9.29%, 90.71%,-
22051,78.92%, 10.54%, 89.46%,-
22053,41.20%, 29.40%, 70.60%,-
22055,54.73%, 22.64%, 77.36%,-
22057,53.66%, 23.17%, 76.83%,-
22059,77.20%, 11.18%, 88.38%, 0.43%
22061,73.73%, 13.14%, 86.86%,-
22063,84.36%, 7.82%, 92.18%,-
22065,69.64%, 15.18%, 84.82%,-
22067,83.18%, 8.41%, 91.59%,-
22069,69.65%, 15.17%, 84.83%,-
22071,71.28%, 14.35%, 85.63%, 0.02%
22073,69.87%, 15.07%, 84.93%,-
22075,81.31%, 9.34%, 90.66%,-
22077,76.74%, 11.63%, 88.37%,-
22079,82.57%, 8.72%, 91.28%,-
22081,78.24%, 10.88%, 89.12%,-
22083,77.26%, 11.37%, 88.63%,-
22085,67.46%, 16.27%, 83.73%,-
22087,87.95%, 6.03%, 93.97%,-
22089,82.03%, 8.98%, 91.02%,-
22091,85.28%, 7.36%, 92.64%,-
22093,48.60%, 25.70%, 74.30%,-
22095,61.41%, 19.30%, 80.70%,-
22097,83.78%, 8.11%, 91.89%,-
22099,68.76%, 15.62%, 84.38%,-
22101,66.60%, 16.70%, 83.30%,-
22103,74.02%, 12.99%, 87.01%,-
22105,64.23%, 17.87%, 82.09%, 0.04%
22107,81.94%, 9.03%, 90.97%,-
22109,68.52%, 15.74%, 84.26%,-
