id,margin,dewey,roosevelt,other
01001,82.48%, 8.58%, 91.06%, 0.37%
01003,47.93%, 25.49%, 73.41%, 1.10%
01005,92.07%, 2.84%, 94.91%,-
01007,67.46%, 15.78%, 83.25%, 0.97%
01009,36.12%, 31.73%, 67.85%, 0.41%
01011,95.56%, 2.22%, 97.78%,-
01013,91.75%, 4.00%, 95.75%, 0.25%
01015,71.85%, 13.80%, 85.65%, 0.56%
01017,89.13%, 5.30%, 94.43%, 0.27%
01019,62.09%, 18.55%, 80.64%, 0.82%
01021,17.74%, 41.02%, 58.77%, 0.21%
01023,86.86%, 6.46%, 93.32%, 0.23%
01025,88.08%, 5.90%, 93.98%, 0.12%
01027,34.67%, 32.36%, 67.03%, 0.61%
01029,30.45%, 34.57%, 65.02%, 0.41%
01031,92.14%, 3.88%, 96.02%, 0.10%
01033,74.31%, 12.75%, 87.07%, 0.18%
01035,83.60%, 7.74%, 91.34%, 0.91%
01037,46.25%, 26.60%, 72.86%, 0.54%
01039,84.06%, 7.92%, 91.98%, 0.09%
01041,88.46%, 5.61%, 94.06%, 0.33%
01043,27.60%, 35.83%, 63.43%, 0.73%
01045,72.29%, 13.28%, 85.57%, 1.14%
01047,89.85%, 4.90%, 94.74%, 0.36%
01049,24.84%, 37.52%, 62.35%, 0.13%
01051,88.74%, 5.58%, 94.32%, 0.09%
01053,76.90%, 11.30%, 88.20%, 0.51%
01055,58.10%, 20.28%, 78.38%, 1.34%
01057,28.59%, 35.51%, 64.10%, 0.39%
01059,18.74%, 40.56%, 59.30%, 0.13%
01061,67.35%, 16.01%, 83.36%, 0.62%
01063,87.40%, 6.23%, 93.63%, 0.14%
01065,94.92%, 2.54%, 97.46%,-
01067,94.41%, 2.73%, 97.15%, 0.12%
01069,84.07%, 7.73%, 91.80%, 0.47%
01071,48.53%, 25.65%, 74.18%, 0.18%
01073,61.24%, 19.15%, 80.40%, 0.45%
01075,72.92%, 13.18%, 86.10%, 0.72%
01077,73.98%, 12.80%, 86.77%, 0.43%
01079,53.92%, 22.94%, 76.86%, 0.20%
01081,87.26%, 6.23%, 93.49%, 0.28%
01083,90.23%, 4.70%, 94.93%, 0.36%
01085,95.97%,-, 97.92%, 2.08%
01087,85.20%, 7.35%, 92.56%, 0.09%
01089,82.94%, 8.39%, 91.33%, 0.28%
01091,89.86%, 4.83%, 94.69%, 0.49%
01093,19.32%, 40.17%, 59.48%, 0.35%
01095,47.27%, 26.31%, 73.58%, 0.11%
01097,52.90%, 23.08%, 75.98%, 0.94%
01099,95.30%, 2.25%, 97.55%, 0.20%
01101,91.63%, 3.98%, 95.62%, 0.40%
01103,71.52%, 13.72%, 85.24%, 1.03%
01105,90.88%, 4.46%, 95.35%, 0.19%
01107,74.93%, 12.30%, 87.23%, 0.47%
01109,90.28%, 3.63%, 93.91%, 2.46%
01111,43.11%, 27.95%, 71.06%, 1.00%
01113,89.50%, 5.16%, 94.66%, 0.18%
01115,23.80%, 37.86%, 61.66%, 0.47%
01117,34.67%, 32.44%, 67.11%, 0.45%
01119,90.36%, 4.69%, 95.05%, 0.27%
01121,63.77%, 17.74%, 81.50%, 0.76%
01123,91.96%, 3.92%, 95.88%, 0.20%
01125,78.14%, 10.48%, 88.62%, 0.90%
01127,34.43%, 32.45%, 66.87%, 0.68%
01129,84.95%, 7.33%, 92.28%, 0.38%
01131,95.00%, 2.42%, 97.42%, 0.16%
01133,25.45%, 62.52%, 37.07%, 0.41%
02013,0%,-,-,-
02016,0%,-,-,-
02020,0%,-,-,-
02050,0%,-,-,-
02060,0%,-,-,-
02068,0%,-,-,-
02070,0%,-,-,-
02090,0%,-,-,-
02100,0%,-,-,-
02105,0%,-,-,-
02110,0%,-,-,-
02122,0%,-,-,-
02130,0%,-,-,-
02150,0%,-,-,-
02164,0%,-,-,-
02170,0%,-,-,-
02180,0%,-,-,-
02185,0%,-,-,-
02188,0%,-,-,-
02195,0%,-,-,-
02198,0%,-,-,-
02220,0%,-,-,-
02230,0%,-,-,-
02240,0%,-,-,-
02261,0%,-,-,-
02270,0%,-,-,-
02275,0%,-,-,-
02282,0%,-,-,-
02290,0%,-,-,-
04001,25.91%, 36.99%, 62.91%, 0.10%
04003,34.54%, 32.67%, 67.21%, 0.13%
04005,11.17%, 44.34%, 55.51%, 0.15%
04007,35.99%, 31.80%, 67.79%, 0.41%
04009,35.00%, 32.43%, 67.43%, 0.14%
04011,45.01%, 27.33%, 72.34%, 0.33%
04012,0%,-,-,-
04013,12.83%, 43.41%, 56.23%, 0.36%
04015,14.40%, 42.64%, 57.05%, 0.31%
04017,25.42%, 37.14%, 62.56%, 0.31%
04019,9.02%, 45.37%, 54.39%, 0.24%
04021,22.53%, 38.51%, 61.04%, 0.44%
04023,27.89%, 35.95%, 63.85%, 0.20%
04025,10.88%, 44.33%, 55.21%, 0.45%
04027,30.89%, 34.46%, 65.35%, 0.19%
05001,24.72%, 37.48%, 62.20%, 0.33%
05003,76.59%, 11.59%, 88.17%, 0.24%
05005,16.33%, 41.69%, 58.02%, 0.29%
05007,7.19%, 53.52%, 46.33%, 0.15%
05009,22.49%, 38.75%, 61.25%,-
05011,82.47%, 8.63%, 91.10%, 0.27%
05013,76.26%, 11.87%, 88.13%,-
05015,10.91%, 44.55%, 55.45%,-
05017,70.21%, 14.79%, 84.99%, 0.22%
05019,51.28%, 24.30%, 75.58%, 0.11%
05021,15.23%, 42.31%, 57.54%, 0.15%
05023,17.88%, 40.50%, 58.39%, 1.11%
05025,72.97%, 13.51%, 86.49%,-
05027,68.86%, 15.49%, 84.35%, 0.16%
05029,42.32%, 28.77%, 71.09%, 0.14%
05031,41.55%, 29.05%, 70.60%, 0.35%
05033,19.60%, 39.87%, 59.47%, 0.66%
05035,61.25%, 19.38%, 80.63%,-
05037,58.30%, 20.71%, 79.01%, 0.27%
05039,64.50%, 17.65%, 82.15%, 0.20%
05041,72.61%, 13.66%, 86.27%, 0.07%
05043,62.09%, 18.92%, 81.02%, 0.06%
05045,44.30%, 27.69%, 72.00%, 0.31%
05047,44.38%, 27.75%, 72.13%, 0.12%
05049,11.37%, 44.23%, 55.60%, 0.17%
05051,26.94%, 36.50%, 63.43%, 0.07%
05053,53.02%, 23.49%, 76.51%,-
05055,46.76%, 26.51%, 73.26%, 0.23%
05057,54.97%, 22.37%, 77.34%, 0.29%
05059,31.59%, 33.98%, 65.58%, 0.44%
05061,45.42%, 27.20%, 72.62%, 0.19%
05063,19.70%, 40.00%, 59.70%, 0.30%
05065,35.82%, 31.93%, 67.75%, 0.32%
05067,69.69%, 15.15%, 84.85%,-
05069,44.34%, 27.80%, 72.15%, 0.05%
05071,37.57%, 31.03%, 68.60%, 0.37%
05073,73.32%, 13.34%, 86.66%,-
05075,32.23%, 33.83%, 66.06%, 0.11%
05077,60.39%, 19.70%, 80.09%, 0.21%
05079,76.00%, 12.00%, 88.00%,-
05081,49.26%, 25.29%, 74.55%, 0.16%
05083,27.85%, 35.98%, 63.83%, 0.20%
05085,49.48%, 25.23%, 74.70%, 0.07%
05087,8.50%, 54.25%, 45.75%,-
05089,33.75%, 32.65%, 66.40%, 0.95%
05091,49.36%, 25.24%, 74.60%, 0.16%
05093,50.54%, 24.68%, 75.22%, 0.10%
05095,63.51%, 18.12%, 81.63%, 0.25%
05097,24.24%, 37.77%, 62.01%, 0.22%
05099,52.96%, 23.43%, 76.40%, 0.17%
05101,13.58%, 56.61%, 43.03%, 0.36%
05103,73.90%, 13.04%, 86.93%, 0.03%
05105,42.71%, 28.64%, 71.36%,-
05107,60.64%, 19.66%, 80.30%, 0.04%
05109,36.53%, 31.35%, 67.88%, 0.77%
05111,77.89%, 11.04%, 88.93%, 0.04%
05113,13.25%, 43.09%, 56.35%, 0.56%
05115,43.45%, 28.14%, 71.58%, 0.28%
05117,41.14%, 29.34%, 70.47%, 0.19%
05119,46.04%, 26.87%, 72.91%, 0.22%
05121,48.07%, 25.82%, 73.89%, 0.29%
05123,57.31%, 21.16%, 78.46%, 0.38%
05125,59.47%, 19.99%, 79.45%, 0.56%
05127,44.14%, 27.93%, 72.07%,-
05129,22.45%, 61.07%, 38.62%, 0.30%
05131,27.00%, 36.46%, 63.46%, 0.07%
05133,55.38%, 22.28%, 77.66%, 0.06%
05135,29.21%, 35.08%, 64.29%, 0.63%
05137,3.73%, 47.57%, 51.30%, 1.13%
05139,69.44%, 15.26%, 84.70%, 0.04%
05141,24.90%, 37.49%, 62.39%, 0.11%
05143,0.08%, 49.73%, 49.81%, 0.45%
05145,30.58%, 34.71%, 65.29%,-
05147,66.06%, 16.79%, 82.85%, 0.36%
05149,54.08%, 22.94%, 77.02%, 0.05%
06001,15.87%, 41.83%, 57.70%, 0.47%
06003,37.06%, 68.53%, 31.47%,-
06005,24.51%, 37.18%, 61.69%, 1.12%
06007,5.72%, 46.83%, 52.55%, 0.63%
06009,13.00%, 43.19%, 56.19%, 0.62%
06011,13.89%, 42.92%, 56.81%, 0.27%
06013,28.10%, 35.86%, 63.96%, 0.18%
06015,10.55%, 55.25%, 44.70%, 0.05%
06017,20.39%, 39.55%, 59.95%, 0.50%
06019,28.34%, 35.50%, 63.84%, 0.67%
06021,0.88%, 49.32%, 50.20%, 0.47%
06023,13.90%, 42.93%, 56.83%, 0.24%
06025,8.05%, 53.81%, 45.76%, 0.43%
06027,1.55%, 50.64%, 49.09%, 0.27%
06029,11.61%, 43.96%, 55.56%, 0.48%
06031,30.82%, 34.22%, 65.04%, 0.74%
06033,10.36%, 54.97%, 44.61%, 0.43%
06035,31.88%, 33.92%, 65.81%, 0.27%
06037,14.08%, 42.68%, 56.75%, 0.57%
06039,19.62%, 39.85%, 59.47%, 0.68%
06041,4.34%, 47.69%, 52.04%, 0.27%
06043,10.89%, 44.16%, 55.06%, 0.78%
06045,7.86%, 45.89%, 53.75%, 0.35%
06047,16.95%, 41.31%, 58.25%, 0.44%
06049,8.88%, 45.40%, 54.28%, 0.32%
06051,21.90%, 60.87%, 38.97%, 0.16%
06053,7.84%, 45.82%, 53.66%, 0.52%
06055,4.39%, 47.48%, 51.87%, 0.64%
06057,10.37%, 44.42%, 54.79%, 0.79%
06059,14.45%, 56.92%, 42.47%, 0.60%
06061,25.88%, 36.78%, 62.66%, 0.56%
06063,39.88%, 29.95%, 69.83%, 0.21%
06065,8.68%, 53.94%, 45.26%, 0.81%
06067,33.14%, 33.16%, 66.30%, 0.54%
06069,5.98%, 52.80%, 46.82%, 0.37%
06071,6.07%, 46.52%, 52.59%, 0.88%
06073,8.52%, 45.42%, 53.94%, 0.64%
06075,21.60%, 38.92%, 60.51%, 0.57%
06077,5.27%, 47.21%, 52.48%, 0.30%
06079,1.73%, 48.90%, 50.63%, 0.47%
06081,1.47%, 49.15%, 50.62%, 0.23%
06083,7.04%, 46.33%, 53.37%, 0.30%
06085,5.32%, 47.04%, 52.36%, 0.60%
06087,8.46%, 53.80%, 45.34%, 0.86%
06089,18.03%, 40.87%, 58.90%, 0.22%
06091,19.73%, 39.91%, 59.64%, 0.45%
06093,15.14%, 42.15%, 57.29%, 0.56%
06095,40.15%, 29.77%, 69.93%, 0.30%
06097,1.11%, 50.38%, 49.27%, 0.34%
06099,4.10%, 47.23%, 51.33%, 1.44%
06101,0.45%, 49.99%, 49.54%, 0.47%
06103,3.74%, 47.79%, 51.53%, 0.68%
06105,15.12%, 42.22%, 57.33%, 0.45%
06107,0.67%, 49.30%, 49.97%, 0.73%
06109,15.73%, 41.77%, 57.51%, 0.72%
06111,19.14%, 40.19%, 59.33%, 0.48%
06113,15.86%, 41.84%, 57.70%, 0.45%
06115,15.50%, 42.14%, 57.63%, 0.23%
08001,9.18%, 54.43%, 45.25%, 0.32%
08003,3.39%, 51.56%, 48.17%, 0.27%
08005,9.46%, 54.52%, 45.06%, 0.42%
08007,16.99%, 58.45%, 41.46%, 0.10%
08009,23.77%, 61.89%, 38.11%,-
08011,3.31%, 51.51%, 48.20%, 0.30%
08013,14.83%, 57.09%, 42.26%, 0.65%
08014,0%,-,-,-
08015,1.63%, 48.83%, 50.47%, 0.70%
08017,21.63%, 60.68%, 39.05%, 0.26%
08019,11.06%, 55.29%, 44.23%, 0.49%
08021,7.64%, 46.18%, 53.82%,-
08023,25.62%, 37.09%, 62.71%, 0.21%
08025,26.13%, 62.93%, 36.81%, 0.26%
08027,28.42%, 63.73%, 35.31%, 0.95%
08029,19.03%, 59.30%, 40.27%, 0.43%
08031,2.07%, 48.75%, 50.82%, 0.43%
08033,17.70%, 58.85%, 41.15%,-
08035,31.02%, 65.37%, 34.36%, 0.27%
08037,1.60%, 49.07%, 50.67%, 0.27%
08039,38.41%, 69.13%, 30.72%, 0.15%
08041,16.72%, 58.16%, 41.44%, 0.41%
08043,21.71%, 60.65%, 38.94%, 0.40%
08045,16.20%, 57.97%, 41.78%, 0.25%
08047,12.11%, 55.85%, 43.74%, 0.41%
08049,27.17%, 63.52%, 36.35%, 0.13%
08051,7.21%, 46.30%, 53.51%, 0.19%
08053,34.05%, 67.03%, 32.97%,-
08055,21.58%, 39.05%, 60.62%, 0.33%
08057,29.51%, 64.76%, 35.24%,-
08059,14.79%, 57.20%, 42.41%, 0.40%
08061,29.91%, 64.75%, 34.85%, 0.40%
08063,44.87%, 72.27%, 27.41%, 0.32%
08065,15.36%, 42.08%, 57.44%, 0.48%
08067,19.57%, 59.64%, 40.07%, 0.30%
08069,31.31%, 65.46%, 34.15%, 0.38%
08071,23.75%, 37.87%, 61.63%, 0.50%
08073,19.09%, 59.49%, 40.40%, 0.11%
08075,23.54%, 61.63%, 38.09%, 0.28%
08077,1.60%, 48.93%, 50.52%, 0.55%
08079,6.21%, 52.80%, 46.58%, 0.62%
08081,21.99%, 60.87%, 38.88%, 0.25%
08083,14.27%, 56.99%, 42.73%, 0.28%
08085,13.25%, 56.37%, 43.12%, 0.52%
08087,38.62%, 69.13%, 30.52%, 0.35%
08089,13.74%, 56.74%, 43.00%, 0.26%
08091,24.78%, 62.33%, 37.55%, 0.12%
08093,22.14%, 60.80%, 38.66%, 0.54%
08095,31.08%, 65.16%, 34.08%, 0.76%
08097,1.80%, 50.83%, 49.03%, 0.14%
08099,17.81%, 58.71%, 40.91%, 0.38%
08101,15.74%, 41.99%, 57.72%, 0.29%
08103,32.16%, 65.89%, 33.73%, 0.37%
08105,31.85%, 65.82%, 33.97%, 0.21%
08107,1.85%, 48.79%, 50.64%, 0.57%
08109,24.51%, 62.13%, 37.62%, 0.26%
08111,11.93%, 55.88%, 43.95%, 0.17%
08113,8.01%, 45.69%, 53.71%, 0.60%
08115,36.69%, 68.26%, 31.57%, 0.17%
08117,15.72%, 57.60%, 41.87%, 0.53%
08119,1.27%, 50.24%, 48.97%, 0.79%
08121,36.09%, 67.88%, 31.79%, 0.33%
08123,26.37%, 63.01%, 36.64%, 0.35%
08125,34.90%, 67.45%, 32.55%,-
09001,2.20%, 50.51%, 48.31%, 1.18%
09003,14.55%, 42.47%, 57.02%, 0.51%
09005,11.06%, 55.24%, 44.19%, 0.57%
09007,2.72%, 51.05%, 48.32%, 0.63%
09009,6.22%, 46.50%, 52.72%, 0.77%
09011,9.58%, 44.94%, 54.53%, 0.53%
09013,3.04%, 51.15%, 48.12%, 0.73%
09015,10.56%, 44.53%, 55.09%, 0.38%
10001,5.53%, 47.05%, 52.58%, 0.38%
10003,13.46%, 43.09%, 56.55%, 0.36%
10005,5.37%, 52.53%, 47.15%, 0.32%
11001,0%,-,-,-
12001,54.60%, 22.70%, 77.30%,-
12003,79.91%, 10.05%, 89.95%,-
12005,69.74%, 15.13%, 84.87%,-
12007,66.67%, 16.67%, 83.33%,-
12009,19.95%, 40.02%, 59.98%,-
12011,5.10%, 47.45%, 52.55%,-
12013,75.80%, 12.10%, 87.90%,-
12015,32.27%, 33.86%, 66.14%,-
12017,66.83%, 16.58%, 83.42%,-
12019,41.28%, 29.36%, 70.64%,-
12021,56.10%, 21.95%, 78.05%,-
12023,64.25%, 17.88%, 82.12%,-
12027,52.05%, 23.97%, 76.03%,-
12029,85.86%, 7.07%, 92.93%,-
12031,50.21%, 24.89%, 75.11%,-
12033,67.16%, 16.42%, 83.58%,-
12035,55.73%, 22.14%, 77.86%,-
12037,84.04%, 7.98%, 92.02%,-
12039,69.57%, 15.22%, 84.78%,-
12041,82.82%, 8.59%, 91.41%,-
12043,38.92%, 30.54%, 69.46%,-
12045,87.70%, 6.15%, 93.85%,-
12047,64.16%, 17.92%, 82.08%,-
12049,50.56%, 24.72%, 75.28%,-
12051,45.78%, 27.11%, 72.89%,-
12053,48.66%, 25.67%, 74.33%,-
12055,41.48%, 29.26%, 70.74%,-
12057,50.47%, 24.76%, 75.24%,-
12059,48.99%, 25.51%, 74.49%,-
12061,25.99%, 37.01%, 62.99%,-
12063,65.94%, 17.03%, 82.97%,-
12065,70.14%, 14.93%, 85.07%,-
12067,70.98%, 14.51%, 85.49%,-
12069,23.23%, 38.38%, 61.62%,-
12071,28.52%, 35.74%, 64.26%,-
12073,68.73%, 15.64%, 84.36%,-
12075,80.70%, 9.65%, 90.35%,-
12077,88.55%, 5.72%, 94.28%,-
12079,73.45%, 13.28%, 86.72%,-
12081,34.40%, 32.80%, 67.20%,-
12083,54.63%, 22.68%, 77.32%,-
12085,28.86%, 35.57%, 64.43%,-
12086,32.88%, 33.56%, 66.44%,-
12087,74.55%, 12.72%, 87.28%,-
12089,56.43%, 21.79%, 78.21%,-
12091,64.26%, 17.87%, 82.13%,-
12093,72.71%, 13.65%, 86.35%,-
12095,15.27%, 42.36%, 57.64%,-
12097,11.48%, 44.26%, 55.74%,-
12099,18.51%, 40.75%, 59.25%,-
12101,30.22%, 34.89%, 65.11%,-
12103,15.43%, 42.28%, 57.72%,-
12105,43.72%, 28.14%, 71.86%,-
12107,43.12%, 28.44%, 71.56%,-
12109,40.82%, 29.59%, 70.41%,-
12111,39.65%, 30.17%, 69.83%,-
12113,50.30%, 24.85%, 75.15%,-
12115,24.03%, 37.99%, 62.01%,-
12117,37.00%, 31.50%, 68.50%,-
12119,73.89%, 13.06%, 86.94%,-
12121,67.90%, 16.05%, 83.95%,-
12123,83.44%, 8.28%, 91.72%,-
12125,79.74%, 10.13%, 89.87%,-
12127,14.39%, 42.80%, 57.20%,-
12129,86.62%, 6.69%, 93.31%,-
12131,57.70%, 21.15%, 78.85%,-
12133,54.03%, 22.98%, 77.02%,-
13001,54.60%, 22.70%, 77.30%,-
13003,78.97%, 10.51%, 89.49%,-
13005,55.24%, 22.38%, 77.62%,-
13007,87.82%, 6.09%, 93.91%,-
13009,61.96%, 19.02%, 80.98%,-
13011,58.97%, 20.19%, 79.16%, 0.65%
13013,70.96%, 14.52%, 85.48%,-
13015,58.20%, 20.90%, 79.10%,-
13017,69.20%, 15.36%, 84.56%, 0.08%
13019,74.44%, 12.78%, 87.22%,-
13021,47.93%, 26.04%, 73.96%,-
13023,58.56%, 20.72%, 79.28%,-
13025,62.65%, 18.67%, 81.33%,-
13027,66.39%, 16.81%, 83.19%,-
13029,76.86%, 11.57%, 88.43%,-
13031,75.03%, 12.48%, 87.52%,-
13033,71.19%, 14.41%, 85.59%,-
13035,87.99%, 6.01%, 93.99%,-
13037,90.43%, 4.79%, 95.21%,-
13039,75.95%, 12.03%, 87.97%,-
13043,65.11%, 17.45%, 82.55%,-
13045,65.11%, 17.45%, 82.55%,-
13047,57.25%, 21.37%, 78.63%,-
13049,67.70%, 16.15%, 83.85%,-
13051,61.83%, 19.09%, 80.91%,-
13053,68.07%, 15.97%, 84.03%,-
13055,79.37%, 10.32%, 89.68%,-
13057,12.01%, 44.00%, 56.00%,-
13059,83.82%, 8.09%, 91.91%,-
13061,85.32%, 7.34%, 92.66%,-
13063,76.33%, 11.81%, 88.14%, 0.05%
13065,80.19%, 9.91%, 90.09%,-
13067,57.51%, 21.25%, 78.75%,-
13069,63.23%, 18.38%, 81.62%,-
13071,53.66%, 23.17%, 76.83%,-
13073,75.17%, 12.41%, 87.59%,-
13075,69.98%, 15.01%, 84.99%,-
13077,90.64%, 4.68%, 95.32%,-
13079,43.13%, 28.44%, 71.56%,-
13081,69.35%, 15.32%, 84.68%,-
13083,69.60%, 15.20%, 84.80%,-
13085,15.66%, 42.17%, 57.83%,-
13087,69.05%, 15.47%, 84.53%,-
13089,65.05%, 17.47%, 82.52%, 0.01%
13091,71.68%, 14.16%, 85.84%,-
13093,81.33%, 9.33%, 90.67%,-
13095,80.89%, 9.56%, 90.44%,-
13097,49.46%, 25.27%, 74.73%,-
13099,91.58%, 4.21%, 95.79%,-
13101,83.46%, 8.27%, 91.73%,-
13103,8.52%, 45.74%, 54.26%,-
13105,61.67%, 19.11%, 80.79%, 0.10%
13107,67.49%, 16.23%, 83.72%, 0.05%
13109,73.11%, 13.39%, 86.50%, 0.11%
13111,20.81%, 60.40%, 39.60%,-
13113,77.73%, 11.14%, 88.86%,-
13115,61.85%, 19.08%, 80.92%,-
13117,20.21%, 39.90%, 60.10%,-
13119,61.52%, 19.24%, 80.76%,-
13121,65.72%, 17.14%, 82.86%,-
13123,5.43%, 47.29%, 52.71%,-
13125,32.78%, 33.61%, 66.39%,-
13127,67.65%, 16.18%, 83.82%,-
13129,40.48%, 29.73%, 70.22%, 0.05%
13131,76.33%, 11.84%, 88.16%,-
13133,79.05%, 10.33%, 89.38%, 0.29%
13135,64.81%, 17.60%, 82.40%,-
13137,57.03%, 21.48%, 78.52%,-
13139,58.76%, 20.61%, 79.37%, 0.03%
13141,55.42%, 22.29%, 77.71%,-
13143,15.61%, 42.20%, 57.80%,-
13145,83.74%, 8.13%, 91.87%,-
13147,72.77%, 13.62%, 86.38%,-
13149,50.13%, 24.93%, 75.07%,-
13151,81.15%, 9.42%, 90.58%,-
13153,47.59%, 26.21%, 73.79%,-
13155,53.79%, 23.10%, 76.90%,-
13157,77.62%, 11.19%, 88.81%,-
13159,80.07%, 9.97%, 90.03%,-
13161,72.00%, 14.00%, 86.00%,-
13163,58.39%, 20.80%, 79.20%,-
13165,74.72%, 12.64%, 87.36%,-
13167,52.57%, 23.71%, 76.29%,-
13169,54.13%, 22.82%, 76.95%, 0.23%
13171,75.30%, 12.35%, 87.65%,-
13173,87.97%, 6.02%, 93.98%,-
13175,67.26%, 16.37%, 83.63%,-
13177,88.61%, 5.70%, 94.30%,-
13179,59.54%, 20.23%, 79.77%,-
13181,45.81%, 27.09%, 72.91%,-
13183,42.28%, 28.86%, 71.14%,-
13185,67.83%, 16.09%, 83.91%,-
13187,61.73%, 19.13%, 80.87%,-
13189,61.91%, 19.04%, 80.96%,-
13191,46.06%, 26.70%, 72.76%, 0.54%
13193,68.21%, 15.89%, 84.11%,-
13195,64.58%, 17.64%, 82.22%, 0.13%
13197,75.48%, 12.26%, 87.74%,-
13199,84.09%, 7.95%, 92.05%,-
13201,86.41%, 6.80%, 93.20%,-
13205,81.21%, 9.40%, 90.60%,-
13207,46.82%, 26.59%, 73.41%,-
13209,71.79%, 14.03%, 85.82%, 0.15%
13211,91.32%, 4.18%, 95.50%, 0.33%
13213,34.41%, 32.80%, 67.20%,-
13215,65.72%, 17.14%, 82.86%,-
13217,88.53%, 5.73%, 94.27%,-
13219,49.02%, 25.49%, 74.51%,-
13221,68.40%, 15.80%, 84.20%,-
13223,27.19%, 36.33%, 63.53%, 0.14%
13225,59.13%, 20.43%, 79.57%,-
13227,0.95%, 50.48%, 49.52%,-
13229,73.26%, 13.37%, 86.63%,-
13231,69.60%, 15.20%, 84.80%,-
13233,70.71%, 14.65%, 85.35%,-
13235,83.00%, 8.50%, 91.50%,-
13237,80.90%, 9.55%, 90.45%,-
13239,91.37%, 4.31%, 95.69%,-
13241,74.16%, 12.92%, 87.08%,-
13243,83.24%, 8.38%, 91.62%,-
13245,71.45%, 14.28%, 85.72%,-
13247,81.57%, 9.21%, 90.79%,-
13249,79.78%, 10.11%, 89.89%,-
13251,63.92%, 18.04%, 81.96%,-
13253,85.68%, 7.16%, 92.84%,-
13255,85.61%, 7.18%, 92.79%, 0.03%
13257,69.05%, 15.47%, 84.53%,-
13259,76.89%, 11.56%, 88.44%,-
13261,77.75%, 11.12%, 88.88%,-
13263,89.74%, 5.13%, 94.87%,-
13265,96.96%,-, 98.48%, 1.52%
13267,42.19%, 28.91%, 71.09%,-
13269,48.37%, 25.82%, 74.18%,-
13271,74.43%, 12.78%, 87.22%,-
13273,94.19%, 2.90%, 97.10%,-
13275,51.63%, 24.16%, 75.79%, 0.04%
13277,60.91%, 19.55%, 80.45%,-
13279,77.01%, 11.49%, 88.51%,-
13281,25.57%, 37.22%, 62.78%,-
13283,92.66%, 3.67%, 96.33%,-
13285,80.87%, 9.57%, 90.43%,-
13287,40.90%, 29.51%, 70.41%, 0.09%
13289,45.77%, 27.11%, 72.89%,-
13291,25.78%, 37.11%, 62.89%,-
13293,81.34%, 9.33%, 90.67%,-
13295,56.49%, 21.74%, 78.23%, 0.03%
13297,84.49%, 7.75%, 92.25%,-
13299,66.75%, 16.59%, 83.34%, 0.07%
13301,49.25%, 25.21%, 74.46%, 0.33%
13303,51.42%, 24.29%, 75.71%,-
13305,59.02%, 20.49%, 79.51%,-
13307,62.75%, 18.62%, 81.38%,-
13309,54.79%, 22.60%, 77.40%,-
13311,62.72%, 18.53%, 81.24%, 0.23%
13313,46.51%, 26.74%, 73.26%,-
13315,73.76%, 13.12%, 86.88%,-
13317,71.22%, 14.39%, 85.61%,-
13319,47.58%, 26.21%, 73.79%,-
13321,66.82%, 16.59%, 83.41%,-
15001,0%,-,-,-
15003,0%,-,-,-
15005,0%,-,-,-
15007,0%,-,-,-
15009,0%,-,-,-
16001,11.36%, 55.54%, 44.18%, 0.28%
16003,5.79%, 47.07%, 52.86%, 0.07%
16005,28.26%, 35.84%, 64.09%, 0.07%
16007,3.56%, 48.19%, 51.75%, 0.06%
16009,10.33%, 44.38%, 54.71%, 0.91%
16011,3.08%, 48.41%, 51.49%, 0.11%
16013,8.51%, 45.62%, 54.12%, 0.26%
16015,9.70%, 45.00%, 54.70%, 0.29%
16017,3.17%, 48.23%, 51.39%, 0.38%
16019,9.86%, 44.98%, 54.84%, 0.18%
16021,0.51%, 49.26%, 48.75%, 1.99%
16023,1.77%, 50.77%, 49.00%, 0.24%
16025,2.59%, 48.71%, 51.29%,-
16027,11.39%, 54.98%, 43.59%, 1.44%
16029,5.52%, 47.24%, 52.76%,-
16031,4.86%, 52.35%, 47.49%, 0.16%
16033,27.45%, 63.53%, 36.07%, 0.40%
16035,33.47%, 32.94%, 66.41%, 0.65%
16037,4.07%, 47.96%, 52.04%,-
16039,22.38%, 38.62%, 61.00%, 0.37%
16041,0.54%, 49.68%, 50.22%, 0.10%
16043,9.33%, 45.34%, 54.66%,-
16045,15.41%, 41.75%, 57.15%, 1.10%
16047,10.50%, 55.14%, 44.64%, 0.22%
16049,2.31%, 48.66%, 50.97%, 0.37%
16051,20.19%, 39.78%, 59.97%, 0.25%
16053,10.67%, 55.34%, 44.66%,-
16055,13.74%, 42.93%, 56.66%, 0.41%
16057,0.17%, 49.78%, 49.61%, 0.61%
16059,2.94%, 51.37%, 48.43%, 0.20%
16061,34.95%, 32.52%, 67.48%,-
16063,8.72%, 54.30%, 45.58%, 0.12%
16065,11.57%, 44.16%, 55.73%, 0.12%
16067,4.26%, 52.02%, 47.75%, 0.23%
16069,26.52%, 36.52%, 63.05%, 0.43%
16071,13.50%, 43.23%, 56.73%, 0.05%
16073,8.74%, 54.04%, 45.30%, 0.66%
16075,28.39%, 63.96%, 35.57%, 0.46%
16077,5.54%, 52.77%, 47.23%,-
16079,25.14%, 37.36%, 62.51%, 0.13%
16081,7.46%, 46.27%, 53.73%,-
16083,12.88%, 56.29%, 43.41%, 0.30%
16085,1.26%, 50.52%, 49.26%, 0.22%
16087,3.97%, 51.95%, 47.98%, 0.08%
17001,6.22%, 52.87%, 46.65%, 0.48%
17003,0.26%, 49.73%, 49.47%, 0.81%
17005,19.38%, 58.24%, 38.86%, 0.27%
17007,46.59%, 73.18%, 26.59%, 0.23%
17009,3.08%, 48.18%, 51.26%, 0.55%
17011,25.63%, 62.68%, 37.05%, 0.27%
17013,21.14%, 60.35%, 39.22%, 0.43%
17015,36.35%, 68.08%, 31.72%, 0.20%
17017,3.53%, 48.00%, 51.54%, 0.46%
17019,15.45%, 57.46%, 42.00%, 0.54%
17021,1.98%, 48.79%, 50.77%, 0.44%
17023,19.39%, 59.41%, 40.02%, 0.57%
17025,11.75%, 55.29%, 43.54%, 1.17%
17027,26.13%, 62.82%, 36.69%, 0.49%
17029,2.91%, 51.31%, 48.40%, 0.29%
17031,15.90%, 41.91%, 57.81%, 0.28%
17033,14.83%, 57.04%, 42.22%, 0.74%
17035,6.05%, 52.88%, 46.83%, 0.29%
17037,33.79%, 66.76%, 32.97%, 0.27%
17039,11.63%, 55.40%, 43.77%, 0.83%
17041,16.94%, 58.29%, 41.36%, 0.35%
17043,38.14%, 68.93%, 30.79%, 0.29%
17045,15.80%, 57.68%, 41.88%, 0.45%
17047,42.80%, 70.96%, 28.16%, 0.87%
17049,8.44%, 53.77%, 45.33%, 0.90%
17051,7.55%, 53.27%, 45.72%, 1.01%
17053,40.07%, 69.91%, 29.85%, 0.24%
17055,1.23%, 49.01%, 50.24%, 0.75%
17057,10.73%, 54.96%, 44.22%, 0.82%
17059,2.37%, 48.27%, 50.64%, 1.09%
17061,0.08%, 49.70%, 49.78%, 0.52%
17063,28.01%, 63.89%, 35.88%, 0.22%
17065,10.20%, 54.68%, 44.48%, 0.84%
17067,19.69%, 59.59%, 39.90%, 0.51%
17069,19.40%, 59.25%, 39.85%, 0.90%
17071,26.91%, 63.34%, 36.43%, 0.24%
17073,19.37%, 59.48%, 40.11%, 0.40%
17075,33.37%, 66.39%, 33.03%, 0.58%
17077,19.46%, 59.57%, 40.11%, 0.32%
17079,4.70%, 52.13%, 47.43%, 0.44%
17081,3.50%, 47.83%, 51.33%, 0.84%
17083,9.81%, 54.67%, 44.87%, 0.46%
17085,32.33%, 65.99%, 33.66%, 0.35%
17087,36.75%, 68.24%, 31.49%, 0.27%
17089,24.63%, 62.16%, 37.54%, 0.30%
17091,14.67%, 57.16%, 42.50%, 0.34%
17093,41.20%, 70.55%, 29.35%, 0.11%
17095,22.53%, 61.02%, 38.49%, 0.48%
17097,16.67%, 58.19%, 41.52%, 0.30%
17099,12.90%, 54.32%, 41.42%, 1.50%
17101,12.77%, 55.79%, 43.02%, 1.19%
17103,35.89%, 67.88%, 31.98%, 0.14%
17105,33.15%, 66.44%, 33.29%, 0.28%
17107,24.02%, 61.90%, 37.88%, 0.23%
17109,33.28%, 66.30%, 33.03%, 0.67%
17111,47.42%, 73.55%, 26.14%, 0.31%
17113,15.96%, 57.70%, 41.75%, 0.55%
17115,7.52%, 46.06%, 53.58%, 0.36%
17117,1.60%, 48.86%, 50.46%, 0.68%
17119,17.01%, 41.23%, 58.24%, 0.52%
17121,3.42%, 47.90%, 51.32%, 0.78%
17123,23.51%, 61.68%, 38.17%, 0.15%
17125,9.32%, 54.52%, 45.19%, 0.29%
17127,36.40%, 67.53%, 31.13%, 1.35%
17129,22.84%, 61.17%, 38.33%, 0.51%
17131,26.62%, 63.12%, 36.50%, 0.38%
17133,32.15%, 66.00%, 33.85%, 0.15%
17135,6.65%, 52.74%, 46.08%, 1.18%
17137,12.29%, 56.01%, 43.72%, 0.26%
17139,5.38%, 52.31%, 46.93%, 0.76%
17141,45.74%, 72.59%, 26.86%, 0.55%
17143,1.98%, 50.81%, 48.83%, 0.36%
17145,14.24%, 56.97%, 42.73%, 0.30%
17147,19.29%, 59.38%, 40.09%, 0.53%
17149,1.73%, 48.85%, 50.58%, 0.57%
17151,47.25%, 72.99%, 25.74%, 1.27%
17153,16.74%, 58.02%, 41.28%, 0.70%
17155,27.38%, 63.48%, 36.10%, 0.42%
17157,9.59%, 54.65%, 45.06%, 0.28%
17159,22.88%, 60.91%, 38.04%, 1.05%
17161,11.28%, 44.19%, 55.48%, 0.33%
17163,17.96%, 40.82%, 58.78%, 0.40%
17165,10.47%, 54.92%, 44.45%, 0.63%
17167,6.73%, 53.24%, 46.50%, 0.26%
17169,4.55%, 51.82%, 47.27%, 0.91%
17171,7.91%, 53.84%, 45.93%, 0.22%
17173,2.30%, 50.65%, 48.35%, 1.00%
17175,36.99%, 68.42%, 31.43%, 0.16%
17177,21.15%, 60.28%, 39.13%, 0.60%
17179,6.96%, 46.34%, 53.30%, 0.36%
17181,2.97%, 48.25%, 51.21%, 0.54%
17183,6.10%, 52.70%, 46.60%, 0.69%
17185,7.12%, 52.95%, 45.83%, 1.23%
17187,28.59%, 64.12%, 35.53%, 0.35%
17189,33.04%, 66.31%, 33.26%, 0.43%
17191,17.04%, 58.21%, 41.17%, 0.62%
17193,3.15%, 51.12%, 47.97%, 0.91%
17195,43.28%, 71.21%, 27.93%, 0.86%
17197,5.17%, 52.32%, 47.14%, 0.54%
17199,11.56%, 55.55%, 43.99%, 0.45%
17201,5.10%, 52.31%, 47.22%, 0.47%
17203,27.82%, 63.73%, 35.90%, 0.37%
18001,19.21%, 58.83%, 39.62%, 1.55%
18003,15.76%, 57.64%, 41.87%, 0.49%
18005,3.65%, 50.99%, 47.34%, 1.67%
18007,27.24%, 63.38%, 36.15%, 0.47%
18009,1.99%, 47.82%, 49.81%, 0.16%
18011,12.56%, 56.00%, 43.43%, 0.57%
18013,6.92%, 45.66%, 52.59%, 1.75%
18015,15.21%, 57.28%, 42.07%, 0.65%
18017,6.34%, 52.89%, 46.55%, 0.56%
18019,14.85%, 42.39%, 57.24%, 0.36%
18021,7.70%, 53.28%, 45.57%, 1.15%
18023,11.68%, 55.37%, 43.69%, 0.94%
18025,3.11%, 50.50%, 47.39%, 0.10%
18027,14.83%, 57.14%, 42.32%, 0.54%
18029,3.09%, 51.32%, 48.24%, 0.44%
18031,22.30%, 60.86%, 38.55%, 0.59%
18033,21.55%, 60.38%, 38.83%, 0.79%
18035,3.94%, 47.41%, 51.35%, 1.24%
18037,4.11%, 47.78%, 51.89%, 0.33%
18039,22.42%, 60.39%, 37.98%, 1.63%
18041,2.78%, 51.23%, 48.45%, 0.33%
18043,11.17%, 44.10%, 55.27%, 0.63%
18045,15.95%, 57.74%, 41.79%, 0.48%
18047,19.95%, 59.82%, 39.87%, 0.32%
18049,23.49%, 61.28%, 37.80%, 0.92%
18051,2.79%, 50.85%, 48.06%, 1.08%
18053,13.25%, 55.07%, 41.82%, 0.17%
18055,9.74%, 54.44%, 44.70%, 0.86%
18057,33.41%, 66.06%, 32.65%, 1.29%
18059,4.90%, 51.71%, 46.81%, 1.48%
18061,1.27%, 50.05%, 48.77%, 1.18%
18063,21.52%, 60.45%, 38.93%, 0.63%
18065,11.85%, 54.85%, 43.00%, 0.07%
18067,1.25%, 49.49%, 48.24%, 0.19%
18069,16.75%, 57.15%, 40.41%, 0.26%
18071,2.73%, 50.87%, 48.14%, 0.99%
18073,33.53%, 66.63%, 33.10%, 0.27%
18075,8.95%, 53.38%, 44.42%, 0.04%
18077,13.41%, 56.17%, 42.76%, 1.07%
18079,17.78%, 58.58%, 40.79%, 0.63%
18081,6.58%, 53.06%, 46.48%, 0.45%
18083,1.34%, 48.98%, 50.32%, 0.70%
18085,32.04%, 65.11%, 33.08%, 1.81%
18087,38.51%, 68.71%, 30.21%, 1.08%
18089,21.72%, 38.84%, 60.56%, 0.59%
18091,8.66%, 54.12%, 45.46%, 0.42%
18093,27.24%, 63.38%, 36.14%, 0.48%
18095,6.70%, 46.10%, 52.80%, 1.11%
18097,4.48%, 52.01%, 47.53%, 0.46%
18099,21.63%, 59.88%, 38.25%, 1.87%
18101,0.96%, 49.37%, 50.33%, 0.30%
18103,12.37%, 55.54%, 43.17%, 1.29%
18105,13.54%, 55.77%, 42.23%, 2.00%
18107,19.28%, 59.43%, 40.15%, 0.43%
18109,18.93%, 59.09%, 40.16%, 0.74%
18111,36.27%, 67.91%, 31.63%, 0.46%
18113,26.43%, 62.89%, 36.46%, 0.65%
18115,3.80%, 51.56%, 47.76%, 0.69%
18117,20.76%, 60.06%, 39.29%, 0.65%
18119,11.98%, 55.53%, 43.55%, 0.92%
18121,18.76%, 59.03%, 40.27%, 0.70%
18123,1.12%, 50.44%, 49.32%, 0.23%
18125,9.56%, 54.11%, 44.55%, 1.34%
18127,21.44%, 60.52%, 39.08%, 0.40%
18129,2.22%, 50.75%, 48.53%, 0.72%
18131,11.96%, 55.03%, 43.07%, 1.91%
18133,5.14%, 52.38%, 47.23%, 0.39%
18135,25.20%, 61.18%, 35.98%, 0.13%
18137,18.93%, 59.12%, 40.18%, 0.70%
18139,19.98%, 59.60%, 39.62%, 0.78%
18141,8.30%, 45.53%, 53.83%, 0.65%
18143,4.79%, 47.07%, 51.86%, 1.07%
18145,0.13%, 49.63%, 49.50%, 0.87%
18147,15.42%, 57.40%, 41.99%, 0.61%
18149,12.21%, 55.71%, 43.51%, 0.78%
18151,43.85%, 71.61%, 27.76%, 0.63%
18153,4.56%, 47.23%, 51.79%, 0.98%
18155,4.03%, 47.32%, 51.35%, 1.34%
18157,21.59%, 60.61%, 39.02%, 0.36%
18159,11.08%, 54.77%, 43.70%, 1.53%
18161,26.63%, 63.05%, 36.42%, 0.54%
18163,5.74%, 46.87%, 52.61%, 0.52%
18165,0.86%, 50.17%, 49.30%, 0.53%
18167,6.83%, 46.50%, 53.33%, 0.18%
18169,27.52%, 62.30%, 34.77%, 0.29%
18171,29.66%, 64.73%, 35.07%, 0.20%
18173,10.83%, 55.01%, 44.17%, 0.82%
18175,1.16%, 50.32%, 49.16%, 0.52%
18177,10.20%, 54.51%, 44.31%, 1.18%
18179,2.48%, 50.03%, 47.56%, 0.10%
18181,16.98%, 58.25%, 41.27%, 0.47%
18183,12.61%, 55.88%, 43.27%, 0.85%
19001,19.69%, 59.69%, 40.00%, 0.31%
19003,15.23%, 57.56%, 42.33%, 0.11%
19005,26.79%, 63.27%, 36.49%, 0.24%
19007,0.87%, 49.18%, 50.05%, 0.77%
19009,13.73%, 43.07%, 56.80%, 0.13%
19011,2.67%, 48.43%, 51.10%, 0.46%
19013,2.79%, 48.37%, 51.16%, 0.47%
19015,10.85%, 44.24%, 55.09%, 0.66%
19017,27.44%, 63.61%, 36.17%, 0.22%
19019,9.54%, 54.69%, 45.15%, 0.16%
19021,3.42%, 48.06%, 51.47%, 0.47%
19023,30.43%, 65.03%, 34.60%, 0.37%
19025,2.43%, 48.59%, 51.02%, 0.39%
19027,0.35%, 50.04%, 49.68%, 0.28%
19029,31.33%, 65.53%, 34.20%, 0.27%
19031,28.23%, 63.95%, 35.72%, 0.33%
19033,4.45%, 47.60%, 52.05%, 0.34%
19035,7.57%, 53.58%, 46.01%, 0.42%
19037,3.56%, 51.59%, 48.03%, 0.38%
19039,14.33%, 56.78%, 42.45%, 0.76%
19041,8.69%, 45.43%, 54.12%, 0.45%
19043,15.70%, 57.61%, 41.91%, 0.48%
19045,17.86%, 58.77%, 40.91%, 0.32%
19047,13.64%, 56.49%, 42.86%, 0.65%
19049,0.89%, 49.83%, 48.93%, 1.24%
19051,3.16%, 48.12%, 51.28%, 0.60%
19053,6.09%, 46.81%, 52.90%, 0.29%
19055,34.70%, 67.22%, 32.52%, 0.26%
19057,11.32%, 55.24%, 43.91%, 0.85%
19059,7.35%, 46.10%, 53.45%, 0.45%
19061,1.43%, 49.11%, 50.54%, 0.35%
19063,1.72%, 50.47%, 48.75%, 0.78%
19065,13.41%, 56.50%, 43.09%, 0.41%
19067,20.64%, 60.11%, 39.47%, 0.42%
19069,4.93%, 51.96%, 47.03%, 1.01%
19071,6.23%, 52.97%, 46.74%, 0.29%
19073,10.22%, 54.88%, 44.66%, 0.46%
19075,24.58%, 62.14%, 37.56%, 0.31%
19077,16.38%, 57.93%, 41.55%, 0.52%
19079,5.68%, 46.91%, 52.59%, 0.50%
19081,4.31%, 51.87%, 47.56%, 0.57%
19083,11.92%, 55.63%, 43.71%, 0.66%
19085,9.22%, 54.35%, 45.13%, 0.53%
19087,30.85%, 65.12%, 34.27%, 0.61%
19089,2.80%, 48.43%, 51.23%, 0.34%
19091,4.23%, 47.73%, 51.97%, 0.30%
19093,15.15%, 57.38%, 42.23%, 0.39%
19095,11.44%, 53.94%, 42.49%, 0.18%
19097,10.20%, 55.05%, 44.85%, 0.10%
19099,4.19%, 47.58%, 51.77%, 0.65%
19101,19.19%, 59.03%, 39.84%, 1.13%
19103,13.68%, 42.93%, 56.62%, 0.45%
19105,11.08%, 55.44%, 44.36%, 0.20%
19107,8.65%, 53.96%, 45.32%, 0.72%
19109,5.46%, 47.14%, 52.60%, 0.26%
19111,6.51%, 53.03%, 46.53%, 0.44%
19113,0.40%, 50.03%, 49.63%, 0.34%
19115,18.19%, 58.67%, 40.48%, 0.85%
19117,10.73%, 54.94%, 44.21%, 0.84%
19119,21.72%, 60.79%, 39.07%, 0.14%
19121,18.80%, 59.20%, 40.39%, 0.41%
19123,4.68%, 50.86%, 46.19%, 0.31%
19125,13.15%, 42.99%, 56.14%, 0.87%
19127,13.13%, 55.67%, 42.55%, 1.78%
19129,21.80%, 60.65%, 38.85%, 0.50%
19131,11.58%, 55.54%, 43.97%, 0.49%
19133,2.42%, 48.64%, 51.06%, 0.30%
19135,10.68%, 44.27%, 54.95%, 0.78%
19137,23.49%, 61.40%, 37.92%, 0.68%
19139,19.25%, 59.38%, 40.13%, 0.48%
19141,12.43%, 56.01%, 43.58%, 0.42%
19143,10.82%, 55.29%, 44.47%, 0.24%
19145,31.02%, 65.07%, 34.05%, 0.88%
19147,14.60%, 42.43%, 57.03%, 0.54%
19149,34.32%, 67.04%, 32.72%, 0.23%
19151,15.76%, 41.94%, 57.70%, 0.35%
19153,11.36%, 44.07%, 55.43%, 0.50%
19155,8.73%, 54.25%, 45.52%, 0.23%
19157,0.57%, 49.47%, 50.04%, 0.48%
19159,19.31%, 59.35%, 40.05%, 0.60%
19161,7.78%, 53.63%, 45.85%, 0.53%
19163,2.55%, 48.58%, 51.14%, 0.28%
19165,12.91%, 55.86%, 42.95%, 1.18%
19167,32.02%, 65.92%, 33.89%, 0.19%
19169,4.41%, 51.84%, 47.43%, 0.73%
19171,0.35%, 49.67%, 50.02%, 0.30%
19173,23.03%, 61.35%, 38.32%, 0.32%
19175,22.89%, 61.29%, 38.40%, 0.31%
19177,21.44%, 60.43%, 38.99%, 0.59%
19179,13.03%, 43.19%, 56.22%, 0.59%
19181,12.39%, 55.83%, 43.44%, 0.73%
19183,21.51%, 60.57%, 39.06%, 0.37%
19185,1.19%, 50.31%, 49.12%, 0.57%
19187,15.44%, 42.11%, 57.55%, 0.34%
19189,2.81%, 51.24%, 48.43%, 0.33%
19191,7.69%, 53.76%, 46.06%, 0.18%
19193,4.87%, 47.43%, 52.30%, 0.27%
19195,11.49%, 44.15%, 55.64%, 0.21%
19197,3.86%, 47.86%, 51.72%, 0.43%
20001,37.74%, 68.56%, 30.82%, 0.63%
20003,29.92%, 64.89%, 34.97%, 0.15%
20005,17.41%, 58.58%, 41.17%, 0.25%
20007,17.40%, 58.28%, 40.88%, 0.84%
20009,19.11%, 59.36%, 40.25%, 0.40%
20011,13.82%, 56.68%, 42.86%, 0.46%
20013,46.17%, 72.98%, 26.80%, 0.22%
20015,7.42%, 53.50%, 46.08%, 0.42%
20017,20.34%, 59.99%, 39.65%, 0.36%
20019,35.05%, 67.38%, 32.33%, 0.29%
20021,9.91%, 54.65%, 44.73%, 0.62%
20023,36.91%, 67.99%, 31.08%, 0.93%
20025,12.25%, 55.69%, 43.43%, 0.88%
20027,48.91%, 74.01%, 25.10%, 0.88%
20029,28.89%, 63.67%, 34.78%, 1.56%
20031,35.01%, 67.28%, 32.27%, 0.45%
20033,23.81%, 61.47%, 37.65%, 0.88%
20035,12.41%, 55.91%, 43.50%, 0.60%
20037,4.66%, 52.09%, 47.43%, 0.48%
20039,20.42%, 59.92%, 39.50%, 0.58%
20041,32.15%, 65.92%, 33.77%, 0.31%
20043,43.84%, 71.92%, 28.08%,-
20045,35.59%, 67.47%, 31.88%, 0.65%
20047,30.93%, 65.09%, 34.17%, 0.74%
20049,40.94%, 70.33%, 29.39%, 0.28%
20051,20.54%, 60.13%, 39.59%, 0.29%
20053,15.40%, 57.62%, 42.22%, 0.15%
20055,17.20%, 58.20%, 41.01%, 0.79%
20057,15.54%, 57.23%, 41.69%, 1.07%
20059,30.02%, 64.68%, 34.66%, 0.66%
20061,14.60%, 56.97%, 42.37%, 0.66%
20063,45.13%, 72.02%, 26.89%, 1.09%
20065,33.72%, 66.52%, 32.80%, 0.68%
20067,33.29%, 66.35%, 33.06%, 0.59%
20069,15.21%, 57.01%, 41.80%, 1.19%
20071,27.17%, 63.00%, 35.83%, 1.17%
20073,28.64%, 63.99%, 35.35%, 0.66%
20075,25.41%, 62.35%, 36.94%, 0.71%
20077,28.56%, 63.76%, 35.21%, 1.03%
20079,23.43%, 61.35%, 37.92%, 0.74%
20081,20.51%, 59.91%, 39.40%, 0.69%
20083,33.22%, 66.31%, 33.09%, 0.61%
20085,39.91%, 69.72%, 29.81%, 0.48%
20087,37.84%, 68.73%, 30.89%, 0.37%
20089,50.17%, 74.20%, 24.04%, 1.76%
20091,34.77%, 67.24%, 32.47%, 0.29%
20093,25.20%, 62.45%, 37.24%, 0.31%
20095,28.14%, 63.74%, 35.60%, 0.65%
20097,40.52%, 69.60%, 29.08%, 1.32%
20099,16.11%, 57.87%, 41.76%, 0.37%
20101,32.82%, 65.90%, 33.08%, 1.02%
20103,17.57%, 58.55%, 40.98%, 0.47%
20105,44.77%, 72.03%, 27.25%, 0.72%
20107,37.51%, 68.54%, 31.03%, 0.43%
20109,46.18%, 72.92%, 26.75%, 0.33%
20111,6.72%, 52.88%, 46.15%, 0.97%
20113,26.88%, 62.31%, 35.44%, 2.25%
20115,45.85%, 72.64%, 26.79%, 0.57%
20117,39.42%, 69.59%, 30.17%, 0.24%
20119,38.00%, 68.23%, 30.23%, 1.53%
20121,14.68%, 57.28%, 42.60%, 0.12%
20123,34.16%, 66.67%, 32.51%, 0.82%
20125,24.81%, 62.29%, 37.48%, 0.23%
20127,24.68%, 62.11%, 37.44%, 0.45%
20129,25.33%, 62.51%, 37.18%, 0.30%
20131,33.06%, 66.44%, 33.39%, 0.17%
20133,25.20%, 62.45%, 37.25%, 0.30%
20135,32.60%, 65.45%, 32.86%, 1.69%
20137,42.45%, 70.87%, 28.42%, 0.71%
20139,29.72%, 64.40%, 34.69%, 0.91%
20141,44.24%, 71.52%, 27.27%, 1.21%
20143,27.29%, 63.11%, 35.82%, 1.07%
20145,8.67%, 54.05%, 45.38%, 0.58%
20147,46.58%, 72.74%, 26.16%, 1.10%
20149,40.33%, 70.01%, 29.68%, 0.31%
20151,6.44%, 52.85%, 46.41%, 0.74%
20153,24.15%, 61.72%, 37.57%, 0.71%
20155,18.14%, 58.71%, 40.57%, 0.72%
20157,33.44%, 66.53%, 33.09%, 0.38%
20159,23.07%, 61.12%, 38.05%, 0.84%
20161,41.67%, 70.43%, 28.76%, 0.80%
20163,33.67%, 66.53%, 32.85%, 0.62%
20165,34.02%, 66.80%, 32.77%, 0.43%
20167,35.58%, 67.56%, 31.98%, 0.46%
20169,19.45%, 59.51%, 40.06%, 0.43%
20171,22.81%, 60.93%, 38.12%, 0.94%
20173,6.04%, 52.78%, 46.73%, 0.49%
20175,8.41%, 53.92%, 45.51%, 0.58%
20177,18.53%, 59.03%, 40.49%, 0.48%
20179,34.08%, 66.87%, 32.79%, 0.35%
20181,21.93%, 60.07%, 38.14%, 1.79%
20183,40.59%, 69.93%, 29.34%, 0.72%
20185,13.20%, 56.25%, 43.05%, 0.70%
20187,24.50%, 61.71%, 37.21%, 1.09%
20189,29.42%, 64.63%, 35.20%, 0.17%
20191,20.35%, 59.87%, 39.52%, 0.60%
20193,19.36%, 59.14%, 39.78%, 1.09%
20195,24.47%, 61.98%, 37.51%, 0.51%
20197,52.59%, 75.95%, 23.35%, 0.70%
20199,42.08%, 70.80%, 28.71%, 0.49%
20201,54.85%, 77.11%, 22.26%, 0.63%
20203,29.29%, 64.32%, 35.04%, 0.64%
20205,37.71%, 68.57%, 30.86%, 0.56%
20207,39.45%, 69.56%, 30.11%, 0.33%
20209,10.17%, 44.74%, 54.91%, 0.36%
21001,17.15%, 58.39%, 41.23%, 0.38%
21003,28.20%, 63.86%, 35.65%, 0.49%
21005,20.65%, 39.37%, 60.02%, 0.61%
21007,63.25%, 18.25%, 81.50%, 0.26%
21009,15.28%, 42.36%, 57.64%,-
21011,15.98%, 41.90%, 57.88%, 0.21%
21013,2.17%, 50.90%, 48.72%, 0.38%
21015,25.35%, 37.16%, 62.51%, 0.33%
21017,32.24%, 33.72%, 65.97%, 0.31%
21019,8.39%, 45.66%, 54.06%, 0.28%
21021,22.64%, 38.38%, 61.02%, 0.59%
21023,12.64%, 43.40%, 56.04%, 0.56%
21025,40.45%, 29.40%, 69.85%, 0.74%
21027,6.48%, 52.94%, 46.46%, 0.60%
21029,40.86%, 29.44%, 70.30%, 0.27%
21031,48.76%, 74.30%, 25.54%, 0.16%
21033,4.30%, 47.74%, 52.04%, 0.21%
21035,62.51%, 18.60%, 81.12%, 0.28%
21037,2.58%, 51.17%, 48.59%, 0.24%
21039,60.44%, 19.67%, 80.10%, 0.23%
21041,55.63%, 22.02%, 77.65%, 0.32%
21043,20.17%, 60.01%, 39.84%, 0.15%
21045,43.43%, 71.53%, 28.10%, 0.37%
21047,16.24%, 41.72%, 57.96%, 0.32%
21049,30.18%, 34.67%, 64.85%, 0.49%
21051,56.82%, 78.38%, 21.57%, 0.05%
21053,64.49%, 82.20%, 17.71%, 0.09%
21055,26.91%, 63.16%, 36.25%, 0.59%
21057,56.84%, 78.27%, 21.43%, 0.30%
21059,13.99%, 42.74%, 56.73%, 0.54%
21061,40.98%, 70.36%, 29.38%, 0.26%
21063,54.00%, 23.00%, 77.00%,-
21065,10.91%, 55.19%, 44.28%, 0.53%
21067,11.02%, 44.14%, 55.15%, 0.71%
21069,1.02%, 50.38%, 49.36%, 0.26%
21071,41.48%, 29.26%, 70.74%,-
21073,50.97%, 24.27%, 75.24%, 0.50%
21075,63.71%, 17.97%, 81.68%, 0.36%
21077,44.70%, 27.33%, 72.03%, 0.64%
21079,7.28%, 53.46%, 46.18%, 0.37%
21081,19.57%, 40.05%, 59.62%, 0.32%
21083,57.48%, 21.22%, 78.70%, 0.09%
21085,19.61%, 59.64%, 40.03%, 0.33%
21087,13.51%, 56.39%, 42.88%, 0.73%
21089,1.37%, 49.30%, 50.66%, 0.04%
21091,9.41%, 54.40%, 45.00%, 0.60%
21093,22.00%, 38.81%, 60.82%, 0.37%
21095,15.79%, 42.02%, 57.81%, 0.17%
21097,43.14%, 28.24%, 71.38%, 0.39%
21099,2.01%, 48.91%, 50.93%, 0.16%
21101,37.28%, 31.22%, 68.49%, 0.29%
21103,40.51%, 29.57%, 70.08%, 0.36%
21105,54.46%, 22.60%, 77.06%, 0.35%
21107,31.83%, 33.96%, 65.80%, 0.24%
21109,83.16%, 91.56%, 8.39%, 0.05%
21111,13.65%, 43.01%, 56.66%, 0.34%
21113,14.97%, 42.14%, 57.11%, 0.75%
21115,35.21%, 67.53%, 32.32%, 0.15%
21117,16.11%, 41.85%, 57.96%, 0.19%
21119,65.61%, 17.19%, 82.81%,-
21121,36.90%, 68.40%, 31.51%, 0.09%
21123,14.14%, 42.57%, 56.72%, 0.71%
21125,41.16%, 70.54%, 29.39%, 0.07%
21127,5.98%, 52.87%, 46.89%, 0.23%
21129,15.53%, 57.57%, 42.04%, 0.39%
21131,68.60%, 84.30%, 15.70%,-
21133,6.27%, 46.77%, 53.04%, 0.18%
21135,39.03%, 69.43%, 30.40%, 0.17%
21137,4.96%, 47.16%, 52.13%, 0.71%
21139,16.74%, 41.56%, 58.30%, 0.14%
21141,39.50%, 30.13%, 69.63%, 0.25%
21143,30.61%, 34.53%, 65.13%, 0.34%
21145,44.02%, 27.71%, 71.73%, 0.56%
21147,59.03%, 79.49%, 20.46%, 0.05%
21149,11.76%, 43.83%, 55.59%, 0.58%
21151,2.66%, 48.36%, 51.02%, 0.62%
21153,2.50%, 51.25%, 48.75%,-
21155,28.18%, 35.64%, 63.83%, 0.53%
21157,38.16%, 30.79%, 68.95%, 0.26%
21159,56.69%, 78.33%, 21.64%, 0.04%
21161,7.80%, 45.83%, 53.62%, 0.55%
21163,27.36%, 36.11%, 63.47%, 0.42%
21165,26.37%, 36.72%, 63.09%, 0.19%
21167,20.35%, 39.62%, 59.97%, 0.41%
21169,15.25%, 57.48%, 42.22%, 0.30%
21171,53.63%, 76.82%, 23.18%,-
21173,22.31%, 38.74%, 61.05%, 0.21%
21175,45.36%, 27.26%, 72.63%, 0.11%
21177,11.57%, 55.61%, 44.04%, 0.35%
21179,26.02%, 36.76%, 62.78%, 0.46%
21181,26.14%, 36.71%, 62.84%, 0.45%
21183,17.80%, 58.69%, 40.89%, 0.42%
21185,30.10%, 34.65%, 64.74%, 0.61%
21187,66.58%, 16.50%, 83.08%, 0.42%
21189,72.34%, 86.11%, 13.77%, 0.13%
21191,2.91%, 48.34%, 51.25%, 0.42%
21193,12.11%, 43.94%, 56.04%, 0.02%
21195,9.30%, 45.21%, 54.52%, 0.27%
21197,6.27%, 46.71%, 52.98%, 0.31%
21199,35.56%, 67.47%, 31.91%, 0.62%
21201,21.16%, 39.35%, 60.51%, 0.14%
21203,48.19%, 74.03%, 25.84%, 0.14%
21205,3.42%, 48.09%, 51.51%, 0.40%
21207,43.47%, 71.56%, 28.09%, 0.36%
21209,38.83%, 30.28%, 69.11%, 0.61%
21211,37.51%, 30.98%, 68.49%, 0.53%
21213,46.99%, 26.29%, 73.27%, 0.44%
21215,38.02%, 30.82%, 68.85%, 0.33%
21217,2.86%, 51.05%, 48.19%, 0.76%
21219,37.20%, 31.16%, 68.36%, 0.48%
21221,30.57%, 34.53%, 65.10%, 0.36%
21223,74.75%, 11.95%, 86.70%, 1.36%
21225,57.57%, 21.08%, 78.65%, 0.27%
21227,20.66%, 39.52%, 60.18%, 0.30%
21229,1.50%, 50.56%, 49.05%, 0.39%
21231,20.24%, 60.12%, 39.88%,-
21233,28.60%, 35.46%, 64.06%, 0.48%
21235,46.11%, 73.05%, 26.94%, 0.01%
21237,23.96%, 37.98%, 61.94%, 0.09%
21239,22.02%, 38.79%, 60.81%, 0.40%
22001,62.54%, 18.73%, 81.27%,-
22003,73.55%, 13.22%, 86.78%,-
22005,72.58%, 13.71%, 86.29%,-
22007,53.82%, 23.09%, 76.91%,-
22009,85.05%, 7.47%, 92.53%,-
22011,49.15%, 25.43%, 74.57%,-
22013,43.74%, 28.13%, 71.87%,-
22015,59.22%, 20.37%, 79.59%, 0.03%
22017,37.27%, 31.29%, 68.56%, 0.15%
22019,61.62%, 19.19%, 80.81%,-
22021,38.68%, 30.66%, 69.34%,-
22023,84.52%, 7.74%, 92.26%,-
22025,61.17%, 19.41%, 80.59%,-
22027,59.35%, 20.32%, 79.68%,-
22029,65.79%, 17.11%, 82.89%,-
22031,55.09%, 22.45%, 77.55%,-
22033,65.98%, 17.01%, 82.99%,-
22035,44.31%, 27.85%, 72.15%,-
22037,59.60%, 20.20%, 79.80%,-
22039,83.35%, 8.32%, 91.68%,-
22041,61.15%, 19.43%, 80.57%,-
22043,55.43%, 22.28%, 77.72%,-
22045,52.48%, 23.76%, 76.24%,-
22047,67.96%, 16.02%, 83.98%,-
22049,63.18%, 18.34%, 81.52%, 0.13%
22051,70.42%, 14.79%, 85.21%,-
22053,33.66%, 33.17%, 66.83%,-
22055,73.23%, 13.39%, 86.61%,-
22057,70.11%, 14.94%, 85.06%,-
22059,59.42%, 19.78%, 79.20%, 1.02%
22061,24.59%, 37.71%, 62.29%,-
22063,75.53%, 12.24%, 87.76%,-
22065,38.66%, 30.67%, 69.33%,-
22067,59.09%, 20.45%, 79.55%,-
22069,39.27%, 30.32%, 69.59%, 0.08%
22071,63.49%, 18.25%, 81.74%, 0.01%
22073,41.34%, 29.33%, 70.67%,-
22075,67.94%, 16.03%, 83.97%,-
22077,68.25%, 15.88%, 84.12%,-
22079,68.42%, 15.79%, 84.21%,-
22081,40.90%, 29.55%, 70.45%,-
22083,62.10%, 18.95%, 81.05%,-
22085,32.69%, 33.66%, 66.34%,-
22087,92.47%, 3.77%, 96.23%,-
22089,83.58%, 8.21%, 91.79%,-
22091,72.69%, 13.65%, 86.35%,-
22093,67.92%, 16.04%, 83.96%,-
22095,74.33%, 12.84%, 87.16%,-
22097,69.89%, 15.06%, 84.94%,-
22099,87.94%, 6.03%, 93.97%,-
22101,73.94%, 13.03%, 86.97%,-
22103,66.14%, 16.93%, 83.07%,-
22105,47.52%, 26.24%, 73.76%,-
22107,59.90%, 20.05%, 79.95%,-
22109,73.10%, 13.45%, 86.55%,-
22111,37.46%, 31.27%, 68.73%,-
22113,74.78%, 12.61%, 87.39%,-
22115,50.11%, 24.95%, 75.05%,-
22117,84.43%, 7.78%, 92.22%,-
22119,60.52%, 19.74%, 80.26%,-
22121,84.63%, 7.69%, 92.31%,-
22123,41.05%, 29.48%, 70.52%,-
22125,41.06%, 29.47%, 70.53%,-
22127,22.85%, 38.57%, 61.43%,-
23001,27.13%, 36.38%, 63.51%, 0.11%
23003,18.57%, 59.23%, 40.66%, 0.11%
23005,4.43%, 52.15%, 47.72%, 0.13%
23007,21.85%, 60.90%, 39.04%, 0.06%
23009,37.53%, 68.71%, 31.18%, 0.12%
